(82, 0.7965981573352232)
1.0 	1.0
1.0 	1.0
0.975903614458 	1.0
0.975903614458 	1.0
0.927710843373 	1.0
0.89156626506 	1.0
0.89156626506 	1.0
0.831325301205 	1.0
0.831325301205 	1.0
0.831325301205 	1.0
0.807228915663 	1.0
0.722891566265 	1.0
0.698795180723 	0.941176470588
0.66265060241 	0.941176470588
0.590361445783 	0.882352941176
0.590361445783 	0.882352941176
0.530120481928 	0.882352941176
0.325301204819 	0.823529411765
0.325301204819 	0.823529411765
0.325301204819 	0.823529411765
0.21686746988 	0.647058823529
0.21686746988 	0.647058823529
0.192771084337 	0.588235294118
0.132530120482 	0.529411764706
0.132530120482 	0.529411764706
0.132530120482 	0.529411764706
0.120481927711 	0.411764705882
0.10843373494 	0.411764705882
0.0361445783133 	0.294117647059
0.0361445783133 	0.294117647059
0.0240963855422 	0.294117647059
0.0240963855422 	0.294117647059
0.0240963855422 	0.176470588235
0.0240963855422 	0.0588235294118
0.0120481927711 	0.0
0.0120481927711 	0.0
0.0120481927711 	0.0
0.0 	0.0
0.0 	0.0
0.0 	0.0
0.0 	0.0
0.0 	0.0
0.0 	0.0
0.0 	0.0
0.0 	0.0
0.0 	0.0
0.0 	0.0
0.0 	0.0
0.0 	0.0
0.0 	0.0
0.0 	0.0
0.0 	0.0
0.0 	0.0
0.0 	0.0
0.0 	0.0
0.0 	0.0
0.0 	0.0
0.0 	0.0
0.0 	0.0
0.0 	0.0
0.0 	0.0
0.0 	0.0
0.0 	0.0
0.0 	0.0
0.0 	0.0
0.0 	0.0
0.0 	0.0
0.0 	0.0
0.0 	0.0
0.0 	0.0
0.0 	0.0
0.0 	0.0
0.0 	0.0
0.0 	0.0
0.0 	0.0
0.0 	0.0
0.0 	0.0
0.0 	0.0
0.0 	0.0
0.0 	0.0
0.0 	0.0
0.0 	0.0
0.0 	0.0
0.0 	0.0
0.0 	0.0
0.0 	0.0
0.0 	0.0
0.0 	0.0
0.0 	0.0
0.0 	0.0
0.0 	0.0
0.0 	0.0
0.0 	0.0
0.0 	0.0
0.0 	0.0
0.0 	0.0
0.0 	0.0
0.0 	0.0
0.0 	0.0
