(98, 0.6699810606060606)
1.0 	1.0
1.0 	1.0
1.0 	1.0
1.0 	1.0
0.977272727273 	1.0
0.875 	1.0
0.875 	1.0
0.829545454545 	1.0
0.795454545455 	1.0
0.738636363636 	0.916666666667
0.670454545455 	0.833333333333
0.568181818182 	0.833333333333
0.454545454545 	0.75
0.329545454545 	0.583333333333
0.159090909091 	0.333333333333
0.159090909091 	0.333333333333
0.102272727273 	0.0833333333333
0.0340909090909 	0.0
0.0340909090909 	0.0
0.0227272727273 	0.0
0.0113636363636 	0.0
0.0113636363636 	0.0
0.0 	0.0
0.0 	0.0
0.0 	0.0
0.0 	0.0
0.0 	0.0
0.0 	0.0
0.0 	0.0
0.0 	0.0
0.0 	0.0
0.0 	0.0
0.0 	0.0
0.0 	0.0
0.0 	0.0
0.0 	0.0
0.0 	0.0
0.0 	0.0
0.0 	0.0
0.0 	0.0
0.0 	0.0
0.0 	0.0
0.0 	0.0
0.0 	0.0
0.0 	0.0
0.0 	0.0
0.0 	0.0
0.0 	0.0
0.0 	0.0
0.0 	0.0
0.0 	0.0
0.0 	0.0
0.0 	0.0
0.0 	0.0
0.0 	0.0
0.0 	0.0
0.0 	0.0
0.0 	0.0
0.0 	0.0
0.0 	0.0
0.0 	0.0
0.0 	0.0
0.0 	0.0
0.0 	0.0
0.0 	0.0
0.0 	0.0
0.0 	0.0
0.0 	0.0
0.0 	0.0
0.0 	0.0
0.0 	0.0
0.0 	0.0
0.0 	0.0
0.0 	0.0
0.0 	0.0
0.0 	0.0
0.0 	0.0
0.0 	0.0
0.0 	0.0
0.0 	0.0
0.0 	0.0
0.0 	0.0
0.0 	0.0
0.0 	0.0
0.0 	0.0
0.0 	0.0
0.0 	0.0
0.0 	0.0
0.0 	0.0
0.0 	0.0
0.0 	0.0
0.0 	0.0
0.0 	0.0
0.0 	0.0
0.0 	0.0
0.0 	0.0
0.0 	0.0
0.0 	0.0
0.0 	0.0
