(70, 0.799375)
1.0 	1.0
1.0 	1.0
1.0 	1.0
1.0 	1.0
0.9875 	1.0
0.95 	1.0
0.95 	1.0
0.9375 	0.95
0.9375 	0.95
0.9375 	0.95
0.9125 	0.95
0.85 	0.95
0.85 	0.95
0.775 	0.95
0.6375 	0.9
0.6375 	0.9
0.5875 	0.9
0.4875 	0.9
0.4875 	0.9
0.4125 	0.85
0.25 	0.7
0.25 	0.7
0.25 	0.7
0.1125 	0.65
0.1125 	0.65
0.1125 	0.65
0.1 	0.55
0.075 	0.45
0.0625 	0.45
0.0625 	0.45
0.05 	0.35
0.05 	0.25
0.05 	0.25
0.05 	0.2
0.025 	0.15
0.0125 	0.05
0.0125 	0.05
0.0125 	0.0
0.0125 	0.0
0.0125 	0.0
0.0 	0.0
0.0 	0.0
0.0 	0.0
0.0 	0.0
0.0 	0.0
0.0 	0.0
0.0 	0.0
0.0 	0.0
0.0 	0.0
0.0 	0.0
0.0 	0.0
0.0 	0.0
0.0 	0.0
0.0 	0.0
0.0 	0.0
0.0 	0.0
0.0 	0.0
0.0 	0.0
0.0 	0.0
0.0 	0.0
0.0 	0.0
0.0 	0.0
0.0 	0.0
0.0 	0.0
0.0 	0.0
0.0 	0.0
0.0 	0.0
0.0 	0.0
0.0 	0.0
0.0 	0.0
0.0 	0.0
0.0 	0.0
0.0 	0.0
0.0 	0.0
0.0 	0.0
0.0 	0.0
0.0 	0.0
0.0 	0.0
0.0 	0.0
0.0 	0.0
0.0 	0.0
0.0 	0.0
0.0 	0.0
0.0 	0.0
0.0 	0.0
0.0 	0.0
0.0 	0.0
0.0 	0.0
0.0 	0.0
0.0 	0.0
0.0 	0.0
0.0 	0.0
0.0 	0.0
0.0 	0.0
0.0 	0.0
0.0 	0.0
0.0 	0.0
0.0 	0.0
0.0 	0.0
