(64, 0.8273056057866183)
1.0 	1.0
1.0 	1.0
0.974683544304 	1.0
0.949367088608 	1.0
0.949367088608 	1.0
0.848101265823 	1.0
0.848101265823 	1.0
0.848101265823 	1.0
0.79746835443 	1.0
0.658227848101 	0.952380952381
0.658227848101 	0.952380952381
0.620253164557 	0.952380952381
0.620253164557 	0.952380952381
0.594936708861 	0.952380952381
0.518987341772 	0.952380952381
0.518987341772 	0.952380952381
0.493670886076 	0.952380952381
0.443037974684 	0.952380952381
0.443037974684 	0.952380952381
0.405063291139 	0.952380952381
0.379746835443 	0.952380952381
0.379746835443 	0.952380952381
0.341772151899 	0.952380952381
0.329113924051 	0.952380952381
0.329113924051 	0.952380952381
0.329113924051 	0.952380952381
0.329113924051 	0.952380952381
0.329113924051 	0.952380952381
0.329113924051 	0.952380952381
0.329113924051 	0.952380952381
0.316455696203 	0.952380952381
0.291139240506 	0.952380952381
0.291139240506 	0.952380952381
0.253164556962 	0.952380952381
0.240506329114 	0.904761904762
0.240506329114 	0.904761904762
0.240506329114 	0.904761904762
0.240506329114 	0.904761904762
0.215189873418 	0.761904761905
0.215189873418 	0.714285714286
0.189873417722 	0.666666666667
0.164556962025 	0.571428571429
0.164556962025 	0.571428571429
0.164556962025 	0.571428571429
0.151898734177 	0.428571428571
0.139240506329 	0.333333333333
0.0632911392405 	0.190476190476
0.0 	0.0
0.0 	0.0
0.0 	0.0
0.0 	0.0
0.0 	0.0
0.0 	0.0
0.0 	0.0
0.0 	0.0
0.0 	0.0
0.0 	0.0
0.0 	0.0
0.0 	0.0
0.0 	0.0
0.0 	0.0
0.0 	0.0
0.0 	0.0
0.0 	0.0
0.0 	0.0
0.0 	0.0
0.0 	0.0
0.0 	0.0
0.0 	0.0
0.0 	0.0
0.0 	0.0
0.0 	0.0
0.0 	0.0
0.0 	0.0
0.0 	0.0
0.0 	0.0
0.0 	0.0
0.0 	0.0
0.0 	0.0
0.0 	0.0
0.0 	0.0
0.0 	0.0
0.0 	0.0
0.0 	0.0
0.0 	0.0
0.0 	0.0
0.0 	0.0
0.0 	0.0
0.0 	0.0
0.0 	0.0
0.0 	0.0
0.0 	0.0
0.0 	0.0
0.0 	0.0
0.0 	0.0
0.0 	0.0
0.0 	0.0
0.0 	0.0
0.0 	0.0
