(99, 0.8570075757575758)
1.0 	1.0
0.988636363636 	1.0
0.943181818182 	1.0
0.875 	1.0
0.738636363636 	1.0
0.431818181818 	0.916666666667
0.431818181818 	0.916666666667
0.295454545455 	0.833333333333
0.238636363636 	0.833333333333
0.215909090909 	0.833333333333
0.193181818182 	0.75
0.193181818182 	0.75
0.193181818182 	0.75
0.181818181818 	0.666666666667
0.159090909091 	0.666666666667
0.159090909091 	0.666666666667
0.125 	0.666666666667
0.125 	0.583333333333
0.125 	0.583333333333
0.102272727273 	0.583333333333
0.0909090909091 	0.583333333333
0.0909090909091 	0.583333333333
0.0681818181818 	0.583333333333
0.0681818181818 	0.5
0.0681818181818 	0.5
0.0681818181818 	0.5
0.0681818181818 	0.5
0.0681818181818 	0.5
0.0681818181818 	0.5
0.0681818181818 	0.5
0.0454545454545 	0.5
0.0454545454545 	0.5
0.0454545454545 	0.5
0.0340909090909 	0.416666666667
0.0340909090909 	0.416666666667
0.0340909090909 	0.333333333333
0.0340909090909 	0.333333333333
0.0340909090909 	0.333333333333
0.0340909090909 	0.25
0.0340909090909 	0.25
0.0340909090909 	0.166666666667
0.0340909090909 	0.166666666667
0.0340909090909 	0.166666666667
0.0227272727273 	0.166666666667
0.0227272727273 	0.0833333333333
0.0227272727273 	0.0833333333333
0.0113636363636 	0.0
0.0 	0.0
0.0 	0.0
0.0 	0.0
0.0 	0.0
0.0 	0.0
0.0 	0.0
0.0 	0.0
0.0 	0.0
0.0 	0.0
0.0 	0.0
0.0 	0.0
0.0 	0.0
0.0 	0.0
0.0 	0.0
0.0 	0.0
0.0 	0.0
0.0 	0.0
0.0 	0.0
0.0 	0.0
0.0 	0.0
0.0 	0.0
0.0 	0.0
0.0 	0.0
0.0 	0.0
0.0 	0.0
0.0 	0.0
0.0 	0.0
0.0 	0.0
0.0 	0.0
0.0 	0.0
0.0 	0.0
0.0 	0.0
0.0 	0.0
0.0 	0.0
0.0 	0.0
0.0 	0.0
0.0 	0.0
0.0 	0.0
0.0 	0.0
0.0 	0.0
0.0 	0.0
0.0 	0.0
0.0 	0.0
0.0 	0.0
0.0 	0.0
0.0 	0.0
0.0 	0.0
0.0 	0.0
0.0 	0.0
0.0 	0.0
0.0 	0.0
0.0 	0.0
