(98, 0.6105981533520675)
1.0 	1.0
1.0 	1.0
1.0 	1.0
1.0 	1.0
1.0 	1.0
1.0 	1.0
1.0 	1.0
1.0 	1.0
1.0 	1.0
1.0 	1.0
1.0 	1.0
1.0 	1.0
0.981132075472 	1.0
0.981132075472 	1.0
0.981132075472 	1.0
0.981132075472 	1.0
0.924528301887 	1.0
0.88679245283 	1.0
0.88679245283 	1.0
0.849056603774 	1.0
0.792452830189 	0.957446808511
0.792452830189 	0.957446808511
0.792452830189 	0.957446808511
0.77358490566 	0.893617021277
0.77358490566 	0.893617021277
0.77358490566 	0.893617021277
0.716981132075 	0.872340425532
0.698113207547 	0.872340425532
0.660377358491 	0.787234042553
0.660377358491 	0.787234042553
0.622641509434 	0.787234042553
0.603773584906 	0.765957446809
0.584905660377 	0.765957446809
0.584905660377 	0.765957446809
0.490566037736 	0.702127659574
0.471698113208 	0.68085106383
0.471698113208 	0.68085106383
0.452830188679 	0.595744680851
0.396226415094 	0.553191489362
0.320754716981 	0.489361702128
0.245283018868 	0.297872340426
0.207547169811 	0.255319148936
0.207547169811 	0.255319148936
0.207547169811 	0.191489361702
0.188679245283 	0.148936170213
0.132075471698 	0.148936170213
0.0754716981132 	0.127659574468
0.0566037735849 	0.0851063829787
0.0566037735849 	0.0851063829787
0.0 	0.0
0.0 	0.0
0.0 	0.0
0.0 	0.0
0.0 	0.0
0.0 	0.0
0.0 	0.0
0.0 	0.0
0.0 	0.0
0.0 	0.0
0.0 	0.0
0.0 	0.0
0.0 	0.0
0.0 	0.0
0.0 	0.0
0.0 	0.0
0.0 	0.0
0.0 	0.0
0.0 	0.0
0.0 	0.0
0.0 	0.0
0.0 	0.0
0.0 	0.0
0.0 	0.0
0.0 	0.0
0.0 	0.0
0.0 	0.0
0.0 	0.0
0.0 	0.0
0.0 	0.0
0.0 	0.0
0.0 	0.0
0.0 	0.0
0.0 	0.0
0.0 	0.0
0.0 	0.0
0.0 	0.0
0.0 	0.0
0.0 	0.0
0.0 	0.0
0.0 	0.0
0.0 	0.0
0.0 	0.0
0.0 	0.0
0.0 	0.0
0.0 	0.0
0.0 	0.0
0.0 	0.0
0.0 	0.0
0.0 	0.0
