72416	4	16																3																			22	17	0	0	0		0	0	0	0		0	0	0	0	0	1	0	0	0	0	0	0
3333	2	12	1											1	1							2		1													25	18	4	0	6	1	2	0	0	0	1	2	0	0	0	0	0	0	0	0	0	0	1
10248465	5	19	1	1	1									1	1			1				1		1													27	22	1	0	10		0	0	0	0		0	0	0	0	0	0	0	0	1	0	0	0
407448	2	10	1											2	1													1									12	10	0	0	11		0	0	0	0		0	0	0	0	0	0	0	0	0	0	1	0
180																				1																	4	3	1	0	0		0	0	0	0		0	0	0	0	0	0	0	0	0	0	1	0
21694	4	16	1											4	1																1						19	16	1	0	19		0	0	0	0		0	0	0	1	0	0	0	0	0	0	0	1
83898	3	12																1																1			13	10	0	0	0		0	0	0	0		0	0	0	0	0	0	0	0	0	1	0	1
114982	4	20	1											2	1			2		1									1								23	19	4	0	12		0	0	0	0		0	0	0	0	1	1	0	0	0	0	0	0
995	3	14	1											3	1																						14	14	0	0	16		0	0	0	0		0	1	0	0	0	0	0	0	0	0	0	0
2341	2	12	1											2	1									1													18	17	0	0	12		0	0	0	0		0	0	0	0	0	1	1	0	0	0	0	1
3282	1	6	1											1	1			1							1												12	9	1	0	6		0	0	0	0		0	0	0	0	0	1	0	0	0	0	0	0
2725	2	12	1				1							1	1									1													19	16	0	0	12	1	1	0	0	0	1	1	0	0	0	0	0	0	0	0	0	0	1
338	1	6	1											1	1		1				1																10	7	1	0	6		0	0	0	0		0	0	0	0	0	0	0	0	0	0	1	0
6327																																					2	1	0	0	0	1	1	0	0	0	1	1	0	0	0	0	0	0	0	0	0	1	0
1150	2	9	1	1	1									1	1									1													12	10	0	0	10		0	0	0	0		0	0	0	0	0	0	0	0	0	1	0	0
180541	4	16	1											4	1																						18	18	0	0	19		0	0	0	0		0	1	0	1	0	0	0	0	0	0	0	0
33184																												1									5	2	1	0	0		0	0	0	0		0	0	0	0	0	0	0	0	0	0	1	0
7499	1	6																																			8	8	2	0	0		0	0	0	0		0	0	0	0	0	0	0	0	0	0	1	0
9119	6	24	1											6	1																						24	24	0	0	29		0	0	0	0		0	1	0	0	0	0	0	0	0	0	0	0
53230	4	16	1											4	1																2						22	16	2	0	19		0	0	0	0		0	1	0	1	0	0	0	0	0	0	0	0
31677	1	6	1											1	1			1							1												21	17	1	0	6	1	1	0	0	0	1	1	0	0	0	0	1	0	0	0	0	0	0
445639																					1																20	18	2	0	0		0	0	0	0		0	0	0	0	0	0	0	0	0	0	1	0
6338																																					3	2	1	0	0	1	1	0	0	0	1	1	0	0	0	0	0	0	0	0	0	1	0
146797	3	16	1							1				1	1	1																					23	20	3	0	6		0	0	0	0		0	0	0	0	0	0	0	1	0	0	0	0
6115	1	6	1											1	1									1													7	6	0	0	6		0	0	0	0		0	0	0	0	0	0	0	0	0	0	1	0
2730	1	6	1				1								1																						18	9	0	0	6	1	3	0	0	0	1	3	0	0	0	0	1	0	0	0	0	0	0
38409	2	11	1								1			1	1			1		1	1																20	13	2	0	11	1	2	0	0	0	1	2	0	0	0	0	0	0	1	0	0	0	0
11937	3	14	1											3	1									1													15	14	0	0	16		0	0	0	0		0	1	1	0	0	0	0	0	0	0	0	0
71733	2	9	1						1					1	1	1								1													19	16	0	0	10		0	0	0	0		0	0	0	1	0	0	0	0	0	1	0	0
1988	1	6	1											1	1			1							1												18	14	1	0	6	1	1	0	0	0	1	1	0	0	0	0	1	0	0	0	0	0	0
72281	3	16	1											2	1		3	2		1																	22	16	1	0	12		0	0	0	0		0	1	0	1	0	0	0	0	0	0	0	0
980	1	6	1											1	1		1														1						10	6	1	0	6		0	0	0	0		0	0	0	0	1	0	0	0	0	0	1	0
6128	4	17	1																	2																	21	19	3	0	0		0	0	0	0		0	1	0	0	0	0	0	0	0	0	0	0
20463727	2	10	1											1	1			1				1															14	11	2	0	6		0	0	0	0		0	0	0	0	0	1	0	0	0	0	0	0
123706	1	6	1											1	1									2													14	12	0	0	6		0	0	0	0		0	0	0	0	0	0	0	0	0	1	0	0
7017	2	12	1											2	1		1																				13	12	0	0	12		0	0	0	0		0	0	0	0	0	1	0	0	0	0	0	0
1388	2	12	1											1	1									1													13	12	1	0	6		0	0	0	0		0	0	0	0	0	0	0	0	0	1	0	0
9108	6	24	1											6	1																						24	24	0	0	29		0	0	0	0		0	1	0	0	0	0	0	0	0	0	0	0
6436048	3	18	1											2	1							2		1							1						33	25	6	0	12		0	0	0	0		0	1	0	0	0	0	0	0	0	0	0	0
7929	1	6	1											1	1																						8	8	0	0	6		0	0	0	0		0	0	0	0	0	0	0	0	0	0	1	0
2733526	3	18	1											3	1			1						1													28	26	1	0	18		0	0	0	0		0	0	0	0	0	1	0	0	0	1	0	0
62274	3	13	1			1	1	1						1	1									1			1										16	12	0	0	15		0	0	0	0		0	0	1	1	0	0	0	0	0	0	0	0
5284616	4	42	1													3		4		3		1			1												65	51	9	0	0		0	0	0	0		0	0	0	0	0	0	0	0	0	0	0	1
17534	4	18	1											4	1									1													19	18	0	0	21		0	0	0	0		0	1	1	0	1	1	0	0	0	0	0	1
408	2	11	1				1								1										1												13	10	1	0	6		0	0	0	0		0	0	0	0	1	0	0	0	0	0	0	0
130779	2	10	1											1	1			1				1															18	12	2	0	6	1	0	3	0	0	2	3	0	0	0	0	1	0	0	0	0	0	0
8058																																					6	6	0	0	0		0	0	0	0		0	0	0	0	0	1	0	0	0	0	0	0
5663	4	22	1											2	1			2						1	2												29	22	2	0	12		0	0	0	0		0	0	0	0	0	0	0	0	0	0	1	0
24121	4	18	1											4	1																1						21	18	1	0	21		0	0	0	0		0	1	1	0	0	0	0	0	0	0	0	0
115240	6	24	1											6	1																						24	24	0	0	29		0	0	0	0		0	1	0	0	0	0	0	0	0	0	0	0
178014	2	11	1				1								1										1									1			15	10	1	0	6	1	1	0	0	0	1	1	0	0	0	1	0	0	0	0	0	0	0
447297	3	17	1			2								2	1													1								1	23	17	0	0	17		0	0	0	0		0	0	0	0	0	0	1	1	1	0	0	0
19062	2	12	1											2	1			1						1				1									17	13	1	0	12		0	0	0	0		0	1	0	0	0	1	0	0	0	0	0	0
119256	4	18	1											4	1		2																				20	18	0	0	21		0	0	0	0		0	0	0	1	0	0	0	0	0	0	0	0
5897	3	13	1											2	1										1												17	15	1	0	12		0	0	0	0		0	1	0	0	0	0	0	0	0	0	0	0
4169	1	6	1											1	1			1							1												19	15	1	0	6	1	1	0	0	0	1	1	0	0	0	0	1	0	0	0	0	0	0
6428082	6	24	1											5	1																						24	24	0	0	27		0	0	0	0		0	1	0	0	0	0	0	0	0	0	0	0
10341948	5	22	1											1	1			3			1																30	23	1	0	6		0	0	0	0		0	0	0	1	1	1	0	0	0	0	0	0
3394	2	12	1											2	1						1																18	15	1	0	12	1	0	1	0	0	2	1	0	0	0	0	0	0	1	0	0	0	0
6278																																					5	2	0	0	0	1	3	0	0	0	1	3	0	0	0	0	0	0	0	0	0	1	0
4115	2	12	1											2	1			2																			21	16	0	0	12	1	3	0	0	0	1	3	0	0	0	1	1	0	0	0	0	1	0
105039	2	9	1											1	1			2						1													15	12	0	0	6		0	0	0	0		0	1	0	0	0	1	0	0	0	0	0	0
1615	2	9	1											1	1			2						1													14	11	0	0	6		0	0	0	0		0	0	0	0	0	0	0	0	0	1	0	0
8549	4	18	1				1	1						1	1	1		1						1													24	20	1	0	11		0	0	0	0		0	0	0	0	0	0	0	0	0	0	0	1
10748	2	10	1											1	1			1				1															13	10	2	0	6		0	0	0	0		0	0	1	0	0	0	0	0	0	0	0	0
35703	2	10	1											1	1			1				1															14	11	2	0	6		0	0	0	0		0	1	0	1	1	0	0	0	0	0	1	0
6564																																					5	3	0	0	0	1	2	0	0	0	1	2	0	0	0	0	0	0	0	0	0	1	0
7127	1	6	1											1	1			2																			13	11	1	0	6		0	0	0	0		0	0	0	0	0	0	0	0	0	0	1	0
154575	3	17	1				1							1	1			2							1												25	18	1	0	12	1	2	0	0	0	1	2	0	0	0	0	1	0	0	0	0	0	0
2336	5	20	1											5	1																						20	20	0	0	24		0	0	0	0		0	0	0	1	0	0	0	0	0	0	0	0
35935	2	11	1											1	1						1			1													17	13	2	0	6	1	1	0	0	0	1	1	0	0	0	0	0	0	1	0	0	0	0
186907	5	19	1											1	1			3		1		1															23	17	4	0	6		0	0	0	0		0	1	1	1	1	1	0	0	0	0	0	1
848780	3	16	1											2	1			1				1															23	17	2	0	12	1	0	3	0	0	2	3	0	0	0	0	1	0	0	0	0	0	0
119220	3	14	1											1	1			2		1									1								17	13	4	0	6		0	0	0	0		0	1	1	0	0	0	0	0	0	0	0	0
5641																						1			1												6	3	1	0	0		0	0	0	0		0	0	0	0	0	0	0	0	0	0	1	0
5284373	1	33														1									11												85	62	12	0	0		0	0	0	0		0	0	0	0	0	0	0	0	0	0	0	1
60763	4	17	1											1	1			1						1	1												24	19	1	0	6	1	1	0	0	0	1	1	0	0	0	0	0	0	0	0	0	0	1
148124	6	29	1											2	1	4		1		1		4			1												58	43	6	0	12		0	0	0	0		0	0	0	1	0	0	1	0	0	0	0	1
5574	3	14	1											2	1									2										1			21	18	0	0	12		0	0	0	0		0	0	0	0	0	0	0	0	0	0	0	1
5582	3	16	1									2		2	1			3						3					2								27	19	0	0	17		0	0	0	0		0	0	0	0	0	0	0	0	0	0	0	1
7839																																					4	2	0	0	0	1	0	0	2	0	3	2	0	0	0	1	1	0	0	0	0	1	0
7485	1	6	1											1	1			1													1						11	7	1	0	6		0	0	0	0		0	0	0	0	1	0	0	0	0	0	0	0
904	1	6	1											1	1										1												10	8	1	0	6		0	0	0	0		0	0	1	0	0	0	0	0	0	0	0	0
65914	4	19	1	1	1		1							2	1			2				1															30	24	1	0	21		0	0	0	0		0	1	0	0	0	0	0	0	0	0	0	0
5281666	3	16	1											2	1	1	2	2		1																	22	16	2	0	12		0	0	0	0		0	1	0	0	0	0	0	0	0	0	0	0
323	2	10	1											1	1							1															11	9	2	0	6		0	0	0	0		0	1	1	0	1	0	0	0	0	0	1	1
164045	2	10	1											1	1			1				1								1							16	12	2	1	6		0	0	0	0		0	1	0	0	1	1	0	0	0	0	1	0
1048	1	5	1			2									1													1									5	3	0	0	5		0	0	0	0		0	0	0	0	0	0	0	0	0	0	1	0
2471	2	12	1											2	1			1			1			1												1	25	17	1	0	12		0	0	0	0		0	0	0	0	0	0	0	1	0	0	0	0
59693	3	15	1			1								1	1															1							17	14	0	1	11		0	0	0	0		0	0	0	0	1	0	0	0	0	0	0	0
4497	2	12	1											1	1			1				2		1							1						30	21	5	0	6		0	0	0	0		0	0	0	0	0	0	0	0	0	0	0	1
9106	6	24	1											6	1																						24	24	0	0	29		0	0	0	0		0	1	0	0	0	0	0	0	0	0	0	0
1530	3	15	1			1	1							1	1									1													17	13	0	0	16		0	0	0	0		0	1	1	1	0	0	0	0	0	0	0	0
5284404	3	14	1			1	1	1						1	1									1					1								16	11	0	0	15	1	1	0	0	0	1	1	1	1	1	1	0	0	0	0	0	0	0
68481	1	6	1											1	1			1		1																	11	9	1	0	6		0	0	0	0		0	0	0	0	1	0	0	0	0	0	0	0
6199	3	13	1						1					1	1							1															14	11	2	0	10		0	0	0	0		0	0	0	0	1	0	0	0	0	0	0	0
91638	3	17	1											2	1	1		1						1	1									1			26	20	1	0	12		0	0	0	0		0	0	0	0	0	0	0	0	0	1	0	0
60572	2	11	1											1	1	1		1				1															17	12	2	0	6	1	1	0	0	0	1	1	0	0	0	1	0	0	0	0	0	0	0
3893																					1																14	12	1	0	0		0	0	0	0		0	0	0	0	0	1	0	0	0	0	1	0
5585	3	13	1						1					1	1							1															17	14	2	0	10		0	0	0	0		0	0	0	0	0	0	0	0	0	0	0	1
1614	2	9	1											1	1			2						1													13	10	0	0	6		0	0	0	0		0	0	0	0	0	1	0	0	0	0	0	0
991	1	6	1											1	1																1						18	10	1	0	6		0	0	0	0		0	0	0	0	1	1	0	0	0	0	0	0
22311	1	6																																			10	10	2	0	0		0	0	0	0		0	0	0	0	0	0	0	0	1	0	0	0
3083544	2	12	1											2	1	1	1	1						1	1												25	19	1	0	12		0	0	0	0		0	0	0	0	0	0	0	1	1	1	0	0
7247	1	6	1											1	1																						9	9	0	0	6		0	0	0	0		0	0	0	0	0	0	0	0	0	0	1	0
177																			1																		3	2	1	0	0		0	0	0	0		0	0	0	0	0	0	0	0	0	0	1	0
10731025	4	18	1											4	1		2																				21	19	0	0	21		0	0	0	0		0	1	0	1	0	0	0	0	0	0	0	0
6344																																					3	1	0	0	0	1	2	0	0	0	1	2	0	0	0	0	0	0	0	0	0	1	0
3083543	3	14	1			2								1	1			1							1			1									23	17	1	0	11	1	1	0	0	0	1	1	1	0	0	0	0	0	0	0	0	0	0
7047	2	10	1				1	1						1	1																						10	9	0	0	11		0	0	0	0		0	0	0	0	1	1	0	0	0	0	0	0
6001	4	18	1											4	1																						20	20	0	0	21		0	0	0	0		0	1	0	0	0	0	0	0	0	0	0	0
7809	1	6	1											1	1																						8	8	0	0	6		0	0	0	0		0	0	0	0	0	0	0	0	0	0	1	0
13263	1	6					1								1									2					3					1			15	9	0	0	6		0	0	0	0		0	0	0	0	0	1	0	0	0	0	0	0
7237	1	6	1											1	1																						8	8	0	0	6		0	0	0	0		0	0	0	0	0	0	0	0	0	0	1	0
7855																														1							4	3	1	1	0		0	0	0	0		0	0	0	0	0	0	0	0	0	0	1	0
447632	3	16	1											2	1	1		1		2																	23	19	3	0	12		0	0	0	0		0	0	0	0	0	0	0	1	0	0	0	0
1049	1	6					1								1																						6	5	0	0	6		0	0	0	0		0	0	0	0	0	0	0	0	0	0	1	0
6591																																					6	2	0	0	0	1	4	0	0	0	1	4	0	0	0	0	0	0	0	0	0	1	0
5288103	1	6	1											1	1									1													14	13	1	0	6		0	0	0	0		0	0	0	0	0	1	0	0	0	1	0	0
9579578	3	15	1			1	1							1	1			2																	1		24	17	0	0	16		0	0	0	0		0	0	0	0	0	0	0	0	1	0	0	0
6736	2	9	1	1	1									1	1																						10	9	0	0	10		0	0	0	0		0	0	0	0	1	0	0	0	0	0	0	0
62275	3	13	1			1						3		1	1									1													16	11	0	0	15		0	0	0	0		0	1	1	1	0	0	0	0	0	0	0	0
5281616	3	16	1											2	1	1	2	1		1																	20	15	2	0	12		0	0	0	0		0	1	0	0	0	0	0	0	0	0	0	0
11617																																		1			7	6	2	0	0		0	0	0	0		0	0	0	0	0	0	0	0	0	0	1	0
9177	5	22	1				1	1						4	1																						22	21	0	0	26		0	0	0	0		0	1	0	0	0	0	0	0	0	0	0	0
6575																																					5	2	1	0	0	1	3	0	0	0	1	3	0	0	0	0	0	0	0	0	0	1	0
798	2	9	1	1	1									1	1																						9	8	0	0	10		0	0	0	0		0	0	0	0	1	0	0	0	0	0	1	0
6228																									1												5	3	1	0	0		0	0	0	0		0	0	0	0	0	0	0	0	0	0	1	0
7340	2	12	1											2	1									1				1									17	14	1	0	12		0	0	0	0		0	1	0	0	0	0	0	0	0	0	0	0
91546	3	16	1											2	1	1		1		2																	23	19	3	0	12		0	0	0	0		0	1	1	0	0	0	0	0	1	0	0	1
3007	1	6	1											1	1									1													10	9	0	0	6		0	0	0	0		0	0	0	0	0	0	0	0	0	1	0	0
444795	1	6	1																		1																22	20	6	0	0		0	0	0	0		0	0	0	0	1	1	1	0	0	0	0	0
42267	5	20	1											5	1		2																				22	20	0	0	24		0	0	0	0		0	0	0	1	0	0	0	0	0	0	0	0
16590																																					8	6	2	0	0		0	0	0	0		0	0	0	0	1	0	0	0	0	0	1	0
23104141	7	34	1											5	1			3				1															39	34	1	0	30		0	0	0	0		0	0	0	0	0	0	1	0	0	0	0	0
1140	1	6	1											1	1																						7	7	0	0	6		0	0	0	0		0	0	0	0	0	1	0	0	0	0	1	0
444899																					1																22	20	5	0	0		0	0	0	0		0	0	0	0	1	1	1	0	0	0	0	0
501254	2	9	1			1									1	1									2												20	13	2	0	5		0	0	0	0		0	0	0	0	1	0	0	0	0	0	0	0
11641																																					3	2	1	0	0	1	0	0	1	0	3	1	0	0	0	0	0	0	0	0	0	1	0
27492																						1			1												6	3	2	0	0		0	0	0	0		0	0	0	0	0	0	0	0	0	0	1	0
6557			1																																		5	5	2	0	0		0	0	0	0		0	0	0	0	0	1	0	0	0	0	1	0
3294	3	14	1											1	1			2		1									1								18	14	4	0	6		0	0	0	0		0	1	1	1	0	0	0	0	0	0	0	0
4657	1	6	1											1	1			1						1													11	9	0	0	6		0	0	0	0		0	0	0	0	0	0	0	0	0	1	0	0
638015	1	6	1																1																		21	20	6	0	0		0	0	0	0		0	1	0	1	0	0	0	0	0	0	0	0
3213	4	17		1	1		1	1						2	1																						19	17	0	0	20		0	0	0	0		0	1	1	1	0	0	0	0	0	0	0	0
7501	1	6	1											1	1																						8	8	1	0	6		0	0	0	0		0	0	0	0	0	1	0	0	0	0	1	0
241	1	6	1											1	1																						6	6	0	0	6		0	0	0	0		0	0	0	0	0	0	0	0	0	0	1	0
31254																									1												4	2	1	0	0		0	0	0	0		0	0	0	0	0	0	0	0	0	0	1	0
445354	1	6	1													1																					21	20	5	0	0		0	0	0	0		0	1	0	1	0	0	1	0	0	0	0	0
5280961	3	16	1											2	1		3	1		1																	20	15	2	0	12		0	0	0	0		0	1	0	1	0	0	0	0	0	0	1	0
67455	6	24	1											6	1																						24	24	0	0	29		0	0	0	0		0	1	0	0	0	0	0	0	0	0	0	0
3779	1	6	1											1	1	1	2							1													15	11	0	0	6		0	0	0	0		0	0	0	0	0	0	0	0	0	0	1	0
17134	2	12	1									2		1	1			2						1												1	21	12	0	0	12		0	0	0	0		0	0	0	0	0	0	0	1	0	0	0	0
5892	5	25	1			1	1					2			1	4		2						1	1				2								44	21	1	0	16		0	0	0	0		0	0	0	0	0	0	0	0	0	0	1	0
6359																																					4	1	0	0	0	1	2	0	1	0	1,3	3	0	0	0	1	0	0	0	0	0	1	0
445154	2	12	1											2	1		3																				17	14	1	0	12		0	0	0	0		0	1	0	1	0	0	0	0	0	0	0	0
5280450																					1																20	18	3	0	0		0	0	0	0		0	0	0	0	0	0	0	0	0	0	1	0
10106	2	7																1																			11	10	0	0	0		0	0	0	0		0	0	0	0	0	0	0	0	0	0	0	1
931	2	10	1											2	1																						10	10	0	0	11		0	0	0	0		0	0	0	0	0	1	0	0	0	0	0	0
141902	1	6	1											1	1													1									8	6	1	0	6		0	0	0	0		0	0	0	0	0	0	0	0	0	0	1	0
949	1	6	1											1	1									1													9	8	0	0	6		0	0	0	0		0	0	0	0	1	0	0	0	0	0	0	0
7102	2	12	1											2	1									1													13	12	0	0	12		0	0	0	0		0	1	1	0	0	0	0	0	0	0	0	0
107683	3	14	1											1	1			2		1									1								21	17	4	0	6		0	0	0	0		0	1	0	0	0	1	0	0	0	0	0	0
57852	4	17																		1		1															25	22	3	0	0		0	0	0	0		0	1	0	1	0	1	1	1	1	0	0	1
76568020	2	10	1											1	1					1				1													16	11	2	0	6	1	0	1	0	0	2	1	0	0	0	0	0	0	0	0	0	0	1
728881	2	12	1											1	1					1				1													18	16	1	0	6		0	0	0	0		0	0	1	0	0	0	0	0	1	1	0	0
57669	1	6	1											1	1						1															1	19	13	1	0	6		0	0	0	0		0	0	0	0	0	0	0	0	0	0	0	0
70458967	3	16	1											1	1					1	1			3													23	16	3	0	6	1	0	1	0	0	2	1	0	0	0	0	0	0	0	0	0	0	0
107753786	5	26	1	1	1									3	1			1				1			2											1	41	31	2	0	22		0	0	0	0		0	0	0	0	0	0	1	1	0	0	0	0
50679088	4	24	1											3	1	2								1													35	32	0	0	18		0	0	0	0		0	0	0	0	0	0	0	1	0	1	0	1
13523869	2	9	1	1	1									1	1	1		1						1													18	14	0	0	10		0	0	0	0		0	0	0	0	0	0	0	0	0	1	0	0
65899732	3	16	1			1					1			1	1			1																			23	16	0	0	16	1	3	0	0	0	1	3	0	0	0	0	0	0	0	0	0	0	0
469625	2	12	1											2	1							1		1													25	22	1	0	12		0	0	0	0		0	0	0	0	0	0	0	0	0	0	0	1
128132	4	17														2					1																28	24	1	0	0		0	0	0	0		0	0	0	0	0	0	0	0	0	0	0	0
123319	1	6	1											1	1		2																				8	6	0	0	6		0	0	0	0		0	0	0	0	0	0	0	0	0	0	0	1
66778367	3	18	1											2	1			1						1	1												26	22	1	0	12		0	0	0	0		0	0	0	0	0	0	0	0	0	1	0	0
91161716	2	10	1											2	1									1													22	21	1	1	11		0	0	0	0		0	0	1	0	0	0	1	1	1	0	0	1
24219974	4	19	1											2	1									2													20	18	0	0	12		0	0	0	0		0	0	1	0	0	1	0	0	0	1	0	1
61869087	4	21	1											2	1			3						1													24	19	0	0	12	1	0	1	0	0	2	1	0	0	0	0	0	0	0	0	1	0	0
55652	1	8																						3			1		1								14	10	1	0	0		0	0	0	0		0	0	0	0	0	0	0	0	0	0	0	0
42399417	3	17	1											2	1			1				1		1	1									1			29	22	2	0	12		0	0	0	0		0	0	0	0	0	0	1	1	0	1	0	1
115103543	3	16	1								2				1						1			1													25	20	2	0	10		0	0	0	0		0	0	0	0	0	0	0	0	0	0	0	1
155975	1	6					1								1							1			1												13	9	1	0	6		0	0	0	0		0	0	0	0	0	0	0	0	0	0	0	0
22888706	5	26	1											3	1	2	3	4		1																	35	25	1	0	18		0	0	0	0		0	0	0	0	0	0	0	0	0	0	0	0
50282	4	17	1											1	1	1	1																				20	18	0	0	6		0	0	0	0		0	1	0	1	0	0	1	1	1	0	0	1
153184	5	28	1											2	1	6	4	5		1																	43	27	2	0	12		0	0	0	0		0	0	0	0	0	0	0	0	0	0	0	0
50339	3	17	1											2	1										2												23	19	2	0	12		0	0	0	0		0	0	0	0	0	0	0	1	0	0	0	0
80080	2	12												2	1									2												1	17	12	0	0	12		0	0	0	0		0	0	0	0	0	0	1	1	1	0	1	1
432600	4	17														1																					22	21	2	0	0		0	0	0	0		0	0	0	0	0	0	0	0	0	0	0	1
109889090	4	18	1			2								1	1									1	1			1									23	18	1	0	10		0	0	0	0		0	1	1	0	0	0	0	0	0	1	0	1
57636	4	17	1											1	1	1	1																				22	20	0	1	6		0	0	0	0		0	1	1	0	0	0	0	1	1	0	0	1
58082	2	9	1			1									1										2												14	8	2	0	5		0	0	0	0		0	0	1	1	0	0	1	1	0	1	1	1
14838154	1	6	1											1	1	1								1													11	9	0	0	6		0	0	0	0		0	0	0	0	0	0	0	0	0	0	0	0
129453618	4	17	1											1	1	1	1																		1		41	32	0	0	6	1	0	5	0	0	2	5	0	0	0	0	0	0	0	0	0	0	1
89365504	2	12	1											2	1	2	1	1						1													30	25	0	0	12		0	0	0	0		0	0	0	0	0	0	0	0	0	0	0	1
55881077	3	28	1													1		5	1			5		1													63	45	8	0	0		0	0	0	0		0	0	0	0	0	0	0	0	0	0	0	1
60628968	4	23	1			1								3	1																						24	22	0	0	23		0	0	0	0		0	0	0	0	0	0	0	0	0	0	0	0
26675467																		1																			10	3	0	0	0	1	1	5	0	0	1,2	6	0	0	0	0	1	0	0	0	0	1	0
35080116	6	19	1											1	1	2								2													27	23	0	0	6		0	0	0	0		0	0	0	0	0	0	0	0	0	1	0	0
32222063	3	15	1													3																					30	27	3	0	0		0	0	0	0		0	0	0	0	0	0	0	0	0	0	0	0
92137	2	10	1			1									1							1															15	11	1	0	5		0	0	0	0		0	0	0	0	1	0	0	0	0	0	1	1
15686836	2	11	1								1				1									1					1								14	11	2	0	5		0	0	0	0		0	0	0	0	0	0	0	0	0	1	0	0
88150429	2	12	1											1	1			1				2		2													28	20	4	0	6	1	1	0	0	0	1	1	0	0	0	0	0	0	0	0	0	0	1
69238	4	20	1											2	1	1								3										1			30	22	0	0	12	1	0	3	0	0	2	3	0	0	0	0	0	0	0	0	1	0	0
57982782	3	18	1											2	1									1													22	21	0	0	12		0	0	0	0		0	0	0	0	0	0	0	0	0	0	0	0
58151	2	11	1											1	1									1	1			1									17	13	2	0	6		0	0	0	0		0	0	1	0	0	0	1	0	1	1	0	1
41340254	3	13	1	1	1									1	1			1			1																21	17	1	0	10		0	0	0	0		0	0	0	0	0	0	0	1	0	0	0	0
77190	2	12																				1		1													22	19	1	0	0		0	0	0	0		0	0	0	0	0	0	0	0	0	0	0	0
98769814	3	18	1											2	1			3						1													23	19	0	0	12		0	0	0	0		0	0	0	0	0	0	0	0	0	0	0	1
58388	4	20	1											2	1									3										1			25	20	0	0	12	1	1	0	0	0	1	1	0	0	0	0	0	0	0	0	1	0	1
50522	4	20	1											2	1									2										2			25	21	0	0	12		0	0	0	0		0	0	1	0	0	0	0	0	1	1	0	0
86226	2	12	1				1							1	1									1													19	16	0	0	12	1	0	0	1	0	3	1	0	0	0	0	1	1	1	1	1	1	1
125713	4	17	1											1	1			1						1													20	18	0	0	6		0	0	0	0		0	0	0	0	0	1	1	1	1	1	1	1
3922905	4	28														3		5		1		1		1		1											48	35	2	0	0		0	0	0	0		0	0	0	0	0	0	0	0	0	0	0	0
364625	1	6	1											1	1			1						2	1												20	14	1	0	6	1	1	0	0	0	1	1	0	0	0	0	0	0	0	0	1	0	0
457874	1	6	1											1	1									1													12	11	0	0	6		0	0	0	0		0	0	0	0	0	0	0	0	0	1	0	0
132229	2	12	1				1							1	1									1													19	16	0	0	12	1	1	0	0	0	1	1	0	0	0	0	0	0	0	0	1	0	0
396010	3	16	1									2、3		1	1									3													19	12	0	0	17		0	0	0	0		0	0	1	0	0	0	0	0	0	0	0	0
5104494	2	12	1											2	1						1																18	15	1	0	12	1	0	1	0	0	2	1	0	0	0	0	0	0	1	0	0	0	0
125337	2	12	1											1	1										2												16	12	2	0	6		0	0	0	0		0	0	0	0	0	0	0	0	0	0	0	0
75330755	3	16	1													1						2															29	24	4	0	0		0	0	0	0		0	0	0	0	0	0	0	0	0	0	0	1
49562289	2	12	1											2	1			1		1		1															25	20	2	0	12	1	1	0	0	0	1	1	0	0	0	0	0	0	0	0	0	0	1
2078548	1	6	1											1	1		1																				13	12	0	0	6		0	0	0	0		0	0	1	0	1	1	1	1	1	1	1	1
439145	3	17	1											2	1										1				1								20	16	2	0	12	1	1	0	0	0	1	1	0	1	0	0	1	1	1	1	0	0	1
298817	3	13	1						1					1	1			1				1															16	12	2	0	10		0	0	0	0		0	0	0	0	1	0	0	0	0	0	0	1
98920	1	6	1				1								1										1												9	6	1	0	6		0	0	0	0		0	0	0	0	0	0	0	0	0	0	0	0
102625707	3	15	1			1	1							1	1			3																	1		26	16	0	0	16	1	0	2	0	0	2	2	0	1	0	0	0	0	0	1	0	0	1
56030547	3	17	1								1			1	1			1						1	1												27	22	1	0	11		0	0	0	0		0	0	0	0	0	0	0	0	0	0	0	1
113806056	3	15	1											2	1			1			1			1													25	21	2	0	12		0	0	0	0		0	0	0	0	0	0	0	0	0	0	0	1
63612500	2	11	1											1	1										2						1						22	12	3	0	6	1	0	3	0	0	2	3	0	0	0	0	0	0	0	1	0	0	0
33643468	2	12	1											1	1					1				1													16	13	1	0	6	1	1	0	0	0	1	1	0	0	0	0	1	0	1	0	0	0	1
86408	3	14	1				1	1						2	1									2													18	14	0	0	16	1	1	0	0	0	1	1	1	1	0	0	0	0	0	0	0	0	0
53167	4	17	1											1	1		1			1																	20	18	1	0	6		0	0	0	0		0	1	1	1	0	1	0	1	0	0	1	1
511126	8	34	1	1	1									2	1	1		1							3												43	33	3	0	16		0	0	0	0		0	0	0	0	0	0	0	0	0	0	0	1
61337675	4	19	1				1							1	1									2													20	17	0	0	12		0	0	0	0		0	0	1	0	0	0	1	1	0	1	0	1
x030	5	24	1											2	1	1						1		1													29	25	1	0	12		0	0	0	0		0	0	0	0	0	0	0	0	0	0	0	0
64175																1																					3	2	0	0	0		0	0	0	0		0	0	1	0	0	0	0	0	0	0	1	1
54024225	4	17														1																					23	22	2	1	0		0	0	0	0		0	0	0	0	0	0	0	1	1	0	0	1
133040014	3	16	1			1					1			1	1						2																30	23	3	0	16		0	0	0	0		0	0	0	0	0	0	0	0	0	0	0	0
466999	5	18	1											1	1		1	1		1				1													21	17	1	0	6		0	0	0	0		0	0	0	0	0	0	0	1	0	1	0	1
13311847	1	6	1											1	1										1						1						19	11	2	0	6	1	0	3	0	0	2	3	1	1	1	0	0	0	0	1	0	0	1
58855	2	8																			1				1									1			16	10	2	0	0		0	0	0	0		0	0	0	0	0	0	0	0	0	0	0	0
124937515	2	12	1											2	1		1							1													24	22	0	0	12		0	0	0	0		0	0	0	0	0	0	0	1	1	1	0	1
28721075	3	15	1											2	1					1					1												19	15	2	0	12		0	0	0	0		0	0	0	0	0	0	0	0	0	0	0	0
11006761	6	44	1				1							2	1	1				1		1		1	6												62	44	8	0	18		0	0	0	0		0	0	0	0	0	0	0	0	0	0	0	0
7481892	2	11	1													1		1						1	1				1								15	9	3	0	0		0	0	0	0		0	0	0	0	0	0	0	1	0	1	0	1
106516249	5	26	1	1	1									2	1									1	1												31	24	1	0	16	1	1	1	0	0	1,2	2	0	0	0	0	0	0	0	0	1	0	1
116644532	4	19	1			1								2	1			1				1		1													36	29	1	0	16	1	0	1	0	0	2	1	0	0	0	0	0	0	0	0	0	0	1
10262698	4	16	1											2	1									1													21	20	0	0	12		0	0	0	0		0	0	1	0	0	0	0	0	0	1	0	0
70288867	7	42	1													3		9				1															62	48	5	0	0		0	0	0	0		0	0	0	0	0	0	0	0	0	0	0	1
122112	2	12	1									2		1	1			2						1												1	21	12	0	0	12		0	0	0	0		0	0	0	0	0	0	0	0	0	0	0	0
150378179	5	27	1				1							2	1	2								2	2												45	36	2	0	18		0	0	0	0		0	0	0	0	0	0	0	0	0	0	0	1
114899773	9	39	1											3	1	1	2	4				2		3													54	39	2	0	18		0	0	0	0		0	0	0	0	0	0	0	1	1	1	1	1
111025468	3	17	1				1							1	1			1							1									1			25	19	2	0	12		0	0	0	0		0	0	0	0	0	0	1	1	0	0	0	1
72639	4	17														1				1																	22	20	3	0	0		0	0	0	0		0	0	0	0	0	0	0	0	0	0	0	1
128461	3	17														8		4						5			2		2								40	21	2	0	0		0	0	0	0		0	0	0	0	0	0	0	0	0	0	0	1
2955386	4	20	1											2	1										1				1								23	19	2	0	12	1	1	0	0	0	1	1	0	0	0	0	0	0	0	0	0	0	1
40828464	2	11	1								1			1	1					1	1																18	14	2	0	11		0	0	0	0		0	0	0	0	0	0	0	1	0	0	0	0
108952	1	6	1											1	1		1																				7	6	0	0	6		0	0	0	0		0	0	0	0	0	0	0	0	0	0	1	0
155099	2	9	1											1	1									1													10	9	0	0	6		0	0	0	0		0	0	0	0	0	0	0	0	0	0	0	0
1617909	5	19	1	1	1									1	1	1						1		1													26	21	1	0	10		0	0	0	0		0	0	1	0	0	0	0	0	0	1	1	1
29094619	3	18	1				1							1	1										2											1	31	22	2	0	12		0	0	0	0		0	0	0	0	0	0	0	1	0	0	0	1
25122412	4	17														2				2																	28	22	4	0	0	1	1	1	0	0	1,2	2	0	0	0	0	0	0	0	0	0	0	0
51481619	1	5				1									1									2					1	1				1			17	10	1	1	5		0	0	0	0		0	0	0	0	0	0	0	0	0	0	0	0
51110011	6	65	1	1	1									4	1	3					1			3	14												115	76	15	0	28		0	0	0	0		0	0	0	0	0	0	0	0	0	0	0	0
94202	1	6	1											1	1										1											1	17	10	1	0	6	1	1	0	0	0	1	1	0	0	0	0	0	0	1	1	0	0	0
127480	1	5																				1			1												10	6	2	0	0		0	0	0	0		0	0	0	0	0	0	1	1	1	0	1	1
84979	4	20	1											2	1									3										1			24	20	0	0	12		0	0	0	0		0	1	1	0	1	0	0	1	1	1	1	1
99661																					1																10	8	1	0	0		0	0	0	0		0	0	0	0	1	0	0	1	1	0	0	0
569653	4	24	1											3	1									2													28	25	0	0	18	1	1	0	0	0	1	1	0	0	0	0	0	0	0	0	0	0	0
35121789	2	8														2		1			1																25	20	3	0	0		0	0	0	0		0	0	0	0	0	0	0	1	0	0	0	0
79902639	3	16	1													1						2															30	25	4	0	0		0	0	0	0		0	0	0	0	0	0	0	0	0	1	0	1
16662478	2	12	1											2	1			5						1						1							35	28	0	1	12		0	0	0	0		0	0	0	0	0	0	0	0	0	0	0	1
25812300	1	6	1											1	1			1			1																18	15	1	0	6		0	0	0	0		0	0	0	0	0	0	0	0	0	0	0	1
51649	1	6	1											1	1									1													10	9	0	0	6		0	0	0	0		0	0	0	0	0	0	0	0	0	1	0	0
93301	1	6	1											1	1			1						1													13	11	0	0	6		0	0	0	0		0	0	0	0	0	0	0	0	0	1	0	0
106650560	2	10	1											1	1									1													19	17	0	0	6	1	1	0	0	0	1	1	0	0	0	0	0	0	0	0	0	0	1
4759482	1	6	1																		1																22	20	6	0	0		0	0	0	0		0	0	0	0	0	0	0	0	0	0	0	1
103577453	3	15	1			1	1							1	1			1																	1		25	16	0	0	16	1	0	3	0	0	2	3	0	0	0	0	0	1	1	1	0	0	1
82928	3	18	1											2	1									2													20	18	0	0	12		0	0	0	0		0	0	0	0	0	0	0	0	0	0	0	0
3964816	4	21	1				1							1	1									1													22	20	1	0	12		0	0	0	0		0	0	0	0	0	0	0	0	0	0	0	0
5786210	4	21	1											2	1									3					1								23	18	1	0	12	1	1	0	0	0	1	1	0	1	0	1	0	1	1	1	1	0	1
514658	4	19	1											1	1	1								1													23	21	1	0	6		0	0	0	0		0	0	0	0	0	0	0	0	0	0	0	0
147536978	4	24	1									2(2)		2	1	1		3																		1	39	27	0	0	24		0	0	0	0		0	0	0	0	0	0	0	1	0	0	0	1
35457808	3	28	1													3		5	1			3															57	41	6	0	0		0	0	0	0		0	0	0	0	0	0	0	0	0	0	0	0
14611519	1	6	1											1	1									1													14	13	0	1	6		0	0	0	0		0	0	1	0	1	1	1	1	1	1	0	1
152727	3	16	1											2	1	1				1		1									1						26	19	4	0	12		0	0	0	0		0	0	0	0	0	0	0	1	0	0	0	0
53123889	4	42	1													3		4		3		1			1												65	51	9	0	0		0	0	0	0		0	0	0	0	0	0	0	0	0	0	0	1
1951253	3	15	1						1					2	1			1		1				1													31	25	1	0	16	1	0	0	0	2	4	2	1	1	0	0	0	1	0	1	1	0	1
72559069	6	38	1											1	1	2	1	3		2		1		2	1				1								61	46	9	0	6		0	0	0	0		0	0	1	0	0	0	0	0	0	0	0	1
36322904	3	16	1				1							1	1	1									1											1	23	15	2	0	12		0	0	0	0		0	0	0	0	0	0	1	1	0	0	0	0
58548	1	6	1											1	1			1		1	1																19	13	3	0	6	1	2	0	0	0	1	2	1	0	0	0	0	0	0	0	0	0	0
58559	2	9	1			1									1										2												13	7	2	0	5		0	0	0	0		0	1	1	1	0	0	1	1	0	1	1	1
53230107	3	16	1				1	1						1	1	1								1													26	17	0	0	11	1	0	6	0	0	2	6	0	0	0	0	0	0	0	0	0	0	1
19982082	3	10																						1													13	12	0	0	0		0	0	0	0		0	0	0	0	0	0	0	0	0	0	0	0
60569199	3	18	1											2	1							1		1													27	24	1	0	12		0	0	0	0		0	0	0	0	0	0	0	0	0	0	0	0
53861	3	15	1	1	1									2	1			1			1				1												25	19	2	0	16	1	1	0	0	0	1	1	0	0	0	0	0	0	1	1	0	0	0
86340	2	11	1											1	1										1												14	11	2	0	6		0	0	0	0		0	0	0	0	0	0	0	0	0	0	0	0
15686518	3	17	1											2	1			1						1													24	21	0	0	12	1	1	0	0	0	1	1	0	0	0	0	0	0	0	0	0	0	0
224785904	4	21	1			1								1	1			1						1	1			1	1							1	34	23	2	0	11		0	0	0	0		0	0	0	0	0	0	0	0	0	0	0	1
115388	2	12	1											1	1										2												18	13	3	0	6		0	0	0	0		0	0	0	0	0	1	0	0	1	0	0	0
68693118	2	12	1											2	1										1										1		19	15	1	0	12		0	0	0	0		0	0	0	0	0	0	0	0	0	0	0	1
78444																						2			2												18	12	2	0	0		0	0	0	0		0	0	0	0	0	0	0	0	1	0	0	0
86135	4	20	1											2	1			1						1													23	21	0	0	12		0	0	0	0		0	0	0	0	0	0	0	0	1	1	0	0
78273800	2	12	1											1	1	1		1						2	1												22	17	1	0	6		0	0	0	0		0	0	0	0	1	0	0	0	0	1	0	0
52645531	3	15	1											2	1			1				1															26	21	2	0	12	1	2	0	0	0	1	2	0	0	0	0	1	0	0	0	0	0	1
50124	2	11	1											1	1										2												16	12	2	0	6		0	0	0	0		0	0	0	0	0	0	0	1	1	0	0	1
64777	1	6	1											1	1										1											1	18	12	1	0	6		0	0	0	0		0	0	0	0	0	0	1	1	1	0	0	0
56211406	2	12	1				1							1	1									1	1											1	24	16	1	0	12		0	0	0	0		0	0	0	0	0	0	1	1	0	0	0	0
64868	3	16	1											1	1			4		1					1												29	22	5	0	6		0	0	0	0		0	0	0	0	0	0	0	0	0	0	0	1
154598524	3	13	1											1	1							1			1												21	14	1	1	6	1	1	3	0	0	1,2	4	0	0	0	0	1	0	0	0	0	0	1
33419420	7	32	1											2	1	2	1	8				1															42	29	1	0	12		0	0	0	0		0	0	1	0	0	0	0	0	0	0	1	1
107724209	6	22	1																	1		2				1											30	24	4	0	0		0	0	0	0		0	0	0	0	0	0	0	0	0	0	0	1
16846245	3	28														3		5	1			3		1													58	42	6	0	0		0	0	0	0		0	0	0	0	0	0	0	0	0	0	0	0
154323576	3	14	1	1	1									1	1									1												1	23	17	0	0	10		0	0	0	0		0	0	0	0	0	0	0	0	0	1	0	1
139481597	5	26	1			1							2	3	1			1			1							1									33	24	1	0	27		0	0	0	0		0	0	0	0	0	0	0	1	0	0	0	0
6452717	1	6	1											1	1	1		2						1													19	15	1	0	6		0	0	0	0		0	0	0	0	0	0	0	0	0	0	0	0
500925	1	6	1											1	1									3			2		2								17	11	2	0	6	1	1	0	0	0	1	1	0	1	0	0	0	0	1	1	0	1	1
671169	1	6	1											1	1										1			1									16	12	1	0	6		0	0	0	0		0	0	0	1	0	0	0	0	0	0	0	0
74050207	4	17														1				2		2															33	26	5	0	0		0	0	0	0		0	0	0	0	0	0	0	0	0	0	0	1
53179116	4	24	1											3	1	1								1	1												34	29	1	0	18	1	1	0	0	0	1	1	0	0	0	0	1	1	0	0	1	0	1
57534																						2			2												15	9	2	0	0		0	0	0	0		0	0	0	0	0	0	0	0	1	0	1	0
66085594	2	12	1											1	1			1				2		1							1						30	21	5	0	6		0	0	0	0		0	0	0	0	0	0	0	0	0	0	0	1
35212227	3	16	1											2	1			2		1																	21	18	2	0	12		0	0	0	0		0	0	1	0	0	0	0	0	0	0	0	1
738705	2	12	1									2		1	1			3						2													21	14	0	0	12		0	0	0	0		0	0	0	0	0	0	1	1	0	0	0	1
56815																3																					6	3	0	0	0		0	0	0	0		0	0	0	0	0	0	0	0	0	0	0	0
82419361	4	19	1											1	1			1		1	1			3													26	18	3	0	6	1	0	1	0	0	2	1	0	0	0	0	0	0	0	0	0	0	0
404864	1	6	1											1	1		1	1							1												22	18	2	0	6		0	0	0	0		0	1	1	0	0	1	1	1	1	1	1	1
73314	2	9	1	1	1									1	1			1							1												17	13	1	0	10		0	0	0	0		0	1	1	1	0	0	0	0	1	0	0	0
458242	1	6	1											1	1									1													16	12	0	0	6	1	0	3	0	0	2	3	0	0	0	0	0	0	0	0	0	0	0
134623	1	6	1											1	1										1												14	12	1	0	6		0	0	0	0		0	0	1	0	1	1	0	0	1	1	1	1
67663																																					4	1	0	0	0	1	3	0	0	0	1	3	0	0	0	1	0	0	0	1	0	1	0
64028																					4			2													20	10	4	0	0		0	0	0	0		0	0	0	0	0	0	0	0	0	0	0	1
1622624	3	17	1											2	1										1				1		1						23	16	3	0	12	1	0	1	0	0	2	1	0	1	0	1	1	0	1	1	0	0	1
57681	2	12	1									2		1	1									1												1	19	12	0	0	12		0	0	0	0		0	0	0	0	0	0	0	0	0	0	0	0
5300038	1	6	1																		1																22	20	6	0	0		0	0	0	0		0	0	0	0	0	0	0	0	0	0	0	0
484231	2	10	1									1		1	1													1									14	8	0	0	11		0	0	0	0		0	0	1	0	0	0	0	0	0	0	0	1
115956122	5	20	1	1	1									1	1					1		1		1													24	19	2	0	10		0	0	0	0		0	0	0	0	0	0	0	1	0	1	0	0
57432	1	6																							2												16	11	3	0	0		0	0	0	0		0	0	0	0	0	0	0	0	0	0	0	0
84057954	2	12	1											1	1									1	1												20	17	1	0	6		0	0	0	0		0	0	1	0	0	1	0	0	0	1	0	1
226700794	3	17	1											2	1			1				1		1	1											1	39	25	1	0	12		0	0	0	0		0	0	0	0	0	0	0	0	0	0	0	1
112809515	3	17	1										1	2	1													1		2							22	17	0	2	17		0	0	0	0		0	0	0	0	0	0	0	0	0	0	0	1
33069624	7	35	1											3	1	3		1		1		4			1												62	47	7	0	18		0	0	0	0		0	0	0	0	0	0	1	1	0	0	0	1
7683592	1	6	1											1	1	1	2							1													15	11	0	0	6		0	0	0	0		0	0	0	0	0	0	0	0	0	0	0	0
107868304	4	17	1																	2																	22	20	5	0	0		0	0	0	0		0	0	0	0	0	0	0	0	0	0	0	1
80125140	2	11	1											1	1			2						1	1												22	16	1	0	6	1	0	0	1	0	3	1	0	0	0	0	0	0	0	0	1	0	0
29767202	8	37	1								1			2	1	2	1	8				1															46	32	1	0	17		0	0	0	0		0	0	0	0	0	0	0	0	0	0	0	1
34911552	1	6	1											1	1					1				1													16	13	1	0	6	1	1	0	0	0	1	1	0	1	0	1	1	1	1	0	1	1	1
192725170	4	24	1											3	1	1		1							3												46	37	3	0	18		0	0	0	0		0	0	0	0	0	0	0	0	0	0	0	1
50486	3	15	1											2	1									1													21	20	1	0	12		0	0	0	0		0	0	1	0	0	1	1	1	1	1	1	1
31828714	1	6	1											1	1			1						1													13	11	0	0	6		0	0	0	0		0	0	1	0	0	1	0	0	0	1	1	1
108010																1								1													6	4	0	0	0		0	0	0	0		0	0	1	0	0	0	0	0	0	1	0	0
106133204	2	12	1											2	1			3						1												1	28	20	0	0	12		0	0	0	0		0	0	0	0	0	0	0	0	0	1	0	1
53430	4	17														1				1																	21	19	2	0	0		0	0	0	0		0	0	0	0	0	0	0	0	0	0	0	1
140647	2	12	1											2	1			2						2			2		2								25	19	2	0	12		0	0	0	0		0	0	1	0	0	0	1	0	0	1	0	1
630604	6	28														8		2				1															41	29	2	0	0		0	0	0	0		0	0	0	0	0	0	0	0	0	0	0	0
739719	3	15	1											2	1									2													22	20	0	0	12		0	0	0	0		0	0	0	0	0	0	0	1	1	1	0	1
89565684	4	17	1	1	1									1	1							1		1													21	17	1	0	10		0	0	0	0		0	0	0	0	0	0	0	1	0	1	0	1
138402116	5	26	1										2	2	1										1			1	1								32	25	2	0	17		0	0	0	0		0	0	0	0	0	0	1	1	0	0	0	0
50248	4	17	1													3				2																	26	21	4	0	0		0	0	0	0		0	0	0	0	0	0	0	0	0	0	0	1
125280	5	18	1											1	1	1		2						1													22	18	0	0	6		0	0	0	0		0	0	0	0	0	0	0	0	0	1	0	1
51069	1	6	1											1	1									2	1												17	13	1	0	6		0	0	0	0		0	0	0	0	0	0	0	0	0	1	0	0
69756532	3	14	1											3	1	1								1													33	26	0	0	16	1	2	3	0	0	1,2	5	0	0	0	0	0	1	0	0	1	0	1
65452	1	6	1											1	1		1								1												10	7	1	0	6		0	0	0	0		0	0	0	0	0	0	0	0	0	0	0	0
483181	5	24	1											2	1			4						2													35	29	0	0	12		0	0	0	0		0	0	0	0	0	0	0	0	0	1	0	1
169590425	3	17	1			2								2	1													1								1	26	17	0	0	17	1	0	3	0	0	2	3	0	0	0	0	0	0	1	0	0	0	1
61687	2	12	1											2	1						1			1													18	15	1	0	12		0	0	0	0		0	0	0	0	0	0	1	1	0	0	0	0
158966928	5	25	1				1	1						3	1	1					1													1			41	35	2	0	23	1	1	0	0	0	1	1	0	0	0	0	0	0	0	0	0	0	0
18016803	4	16	1	1	1									1	1									1	1												25	20	2	0	10		0	0	0	0		0	0	0	0	0	0	0	0	0	1	0	1
50782	1	6	1											1	1						1	1															13	9	2	0	6		0	0	0	0		0	0	0	0	0	0	1	1	0	0	0	0
73590586	3	15	1			1	1							1	1			2																	1		24	17	0	0	16		0	0	0	0		0	0	1	0	0	0	1	1	1	0	0	1
29908030	3	14	1			1						2			1	2		1			1			2													27	15	1	0	10		0	0	0	0		0	0	0	0	0	0	0	0	0	0	1	0
52214843	2	9	1											1	1			1			1																18	13	1	0	6	1	2	0	0	0	1	2	0	0	0	0	0	0	0	0	0	0	1
63741	1	6	1											1	1									1												1	11	6	0	0	6		0	0	0	0		0	0	0	0	0	0	0	0	0	0	0	0
145599866	2	16	1				1							1	1	2		1			1																33	26	2	0	12	1	0	1	0	0	2	1	0	0	0	0	0	1	0	0	0	0	1
70458923	3	16	1											1	1					1	1			3													24	17	3	0	6	1	0	1	0	0	2	1	0	0	0	0	0	0	0	0	0	0	0
55268741	4	20	1											1	1										2												23	19	2	0	6		0	0	0	0		0	0	1	0	0	0	0	0	1	0	0	1
51558	3	14	1											1	1	1						1		1													21	17	1	0	6		0	0	0	0		0	0	0	0	0	0	0	0	0	0	0	0
104713759	4	23	1											2	1							2		2							1						36	27	5	0	12		0	0	0	0		0	0	0	0	0	0	0	0	0	0	0	1
67970	3	15	1													1																					28	27	3	0	0		0	0	0	0		0	0	0	0	0	0	0	0	0	0	0	0
84088426	3	16	1											2	1	1									2												23	18	3	0	12		0	0	0	0		0	0	0	0	0	0	0	0	0	0	0	1
4342034	1	5	1			1									1										1			1									13	6	2	0	5		0	0	0	0		0	1	1	0	0	0	0	0	0	0	1	0
103902	1	6	1											1	1		1								1												11	8	1	0	6		0	0	0	0		0	1	1	0	1	0	1	1	0	1	1	1
37517309	1	6	1											1	1	1		1		1				1	1												24	18	2	0	6		0	0	0	0		0	0	0	0	0	0	0	0	0	0	0	0
58399	4	20	1											2	1	1								3										1			27	21	0	0	12	1	1	0	0	0	1	1	0	1	0	0	1	1	1	1	1	0	1
10238218	3	18	1											2	1			1							2											1	33	23	2	0	12	1	1	0	0	0	1	1	0	0	0	0	0	0	1	1	0	0	1
83432	4	17	1													3				2																	27	22	4	0	0		0	0	0	0		0	0	0	0	0	0	0	0	0	0	0	1
21738421	2	10	1											1	1	1								2							1						20	14	1	0	6		0	0	0	0		0	0	0	0	0	0	0	0	0	0	0	0
103177373	5	27	1										2	3	1			2		1					1			1									36	27	3	0	23		0	0	0	0		0	0	0	0	0	0	0	0	0	0	0	0
132539061	4	20	1								1			1	1									3					1								22	17	1	0	11		0	0	0	0		0	0	1	0	0	0	0	0	0	1	0	0
51616	1	6	1											1	1		2							1													11	8	0	0	6		0	0	0	0		0	0	0	0	0	0	0	1	1	1	0	0
438608	3	15	1											2	1									1													20	19	1	0	12		0	0	0	0		0	0	0	0	0	0	0	0	0	1	0	0
76584	5	18	1											1	1	1		2						1													23	19	1	0	6		0	0	0	0		0	0	0	0	0	1	0	0	0	1	0	1
89226506	5	30	1											3	1							2		3							1						45	35	5	0	18		0	0	0	0		0	0	0	0	0	0	0	0	0	0	0	0
98079517	3	16	1											1	1					1	1			3													25	17	3	0	6	1	0	2	0	0	2	2	0	1	0	0	0	0	0	0	0	0	0
130950	4	18	1				1	1						1	1	1		1						1													24	20	1	0	11		0	0	0	0		0	0	1	0	0	0	0	0	1	0	0	1
105816044	2	12	1											1	1						1				1												23	19	2	0	6		0	0	0	0		0	0	0	0	0	0	0	1	0	1	0	1
1972083	3	14	1											1	1		1	1																			23	21	1	0	6		0	0	0	0		0	1	0	0	1	0	0	1	1	0	0	0
125291	5	18	1											1	1			2		1				1													22	18	1	0	6		0	0	0	0		0	0	0	0	0	0	0	0	0	1	0	0
105102225	4	17	1													2				2																	28	22	4	0	0	1	2	0	0	0	1	2	0	0	0	0	0	0	0	0	0	0	0
81103119	3	26														4		6		1		1		1													52	38	2	0	0		0	0	0	0		0	0	0	0	0	0	0	0	1	0	0	1
99200096	4	20	1											2	1	2		2						1													29	22	0	0	12	1	0	2	0	0	2	2	0	0	0	0	0	0	0	0	1	0	0
81812	3	16	1											2	1	1				1		1															23	19	3	0	12		0	0	0	0		0	0	1	0	0	0	1	1	1	0	0	1
56757	1	6	1											1	1	2									1						1						20	11	2	0	6	1	2	0	0	0	1	2	0	0	0	0	0	0	0	0	0	0	0
846504	3	17	1											2	1	1									1				1								21	16	2	0	12	1	1	0	0	0	1	1	0	0	0	0	1	1	1	1	0	0	1
81093370	2	10	1													3					1	1															30	23	4	0	0		0	0	0	0		0	0	0	0	0	0	0	1	0	0	0	1
469794	2	12	1											1	1		1			1				1													18	15	1	0	6		0	0	0	0		0	0	0	0	0	1	1	1	1	0	0	1
136817599	4	21	1	1	1		1							1	1									2	1											1	32	22	1	0	16		0	0	0	0		0	0	0	0	0	0	0	0	0	1	0	1
120014064	4	21	1											2	1			2		1				1													28	24	1	0	12		0	0	0	0		0	0	0	0	0	0	0	0	0	1	0	1
55142853	3	15	1								1			1	1									1													17	14	0	0	11	1	1	0	0	0	1	1	0	0	0	0	0	0	0	0	0	0	1
31431397	3	15	1			1								2	1					1		1			1												22	16	2	0	16		0	0	0	0		0	0	0	0	0	0	0	0	0	0	0	1
104227874	2	9	1			1						2			1							2		1					3								23	14	2	0	10		0	0	0	0		0	0	0	0	0	0	0	0	0	0	0	1
58275	2	10	1							1				1	1																						13	11	3	0	6		0	0	0	0		0	1	1	0	0	0	0	0	0	0	1	0
158747025	3	13	1	1	1									1	1									1	1												18	14	1	0	10		0	0	0	0		0	0	1	0	0	0	0	0	0	0	0	0
135062021	3	18	1											2	1			1			1			1	1												33	27	2	0	12		0	0	0	0		0	0	0	0	0	0	1	0	0	0	0	1
6621472	3	18																						1													20	19	0	0	0		0	0	0	0		0	0	0	0	0	1	0	0	0	1	0	1
65277421	5	28	1			1								2	1			3						1	1												36	26	1	0	17	1	2	0	0	0	1	2	0	0	0	0	0	0	0	0	0	0	1
36894696	2	12	1											2	1	1	1							1	1												24	19	1	0	12		0	0	0	0		0	0	0	0	0	0	0	0	0	1	0	0
110850	1	6																						2													6	4	0	0	0		0	0	0	0		0	0	0	0	0	0	0	0	0	1	0	0
51843																						1		1													10	7	1	0	0		0	0	0	0		0	0	0	0	0	0	0	0	0	1	0	0
60797	4	16	1	1	1									1	1	1								1	1												24	19	2	0	10		0	0	0	0		0	0	0	0	0	0	0	0	0	0	0	0
110101661	8	39	1									2			1					2				4													46	38	5	0	6		0	0	0	0		0	0	0	0	0	0	0	0	0	0	0	1
72956093	4	19	1	1	1			1						3	1	1		3						1													30	24	0	0	21		0	0	0	0		0	0	1	0	0	0	0	1	0	1	1	1
7554656	1	5	1			2									1													1									6	4	0	0	5		0	0	0	0		0	0	0	0	0	0	0	0	0	0	0	0
33369312	2	11	1	1										1	1					1	1																20	15	2	0	11	1	1	0	0	0	1	1	0	0	0	0	0	0	0	0	0	0	1
123441032	1	6	1											1	1							1		1	1												18	14	1	0	6		0	0	0	0		0	0	0	0	0	0	0	0	0	0	0	0
75847733	2	11	1											1	1						1	1		1	1												27	20	3	0	6		0	0	0	0		0	0	0	0	0	0	0	0	0	0	0	1
15307865	2	12	1											2	1						1			1													19	14	1	0	12	1	2	0	0	0	1	2	1	1	0	0	1	1	1	1	0	0	1
15687271	1	6	1											1	1						1																15	13	1	0	6		0	0	0	0		0	0	0	0	0	0	1	1	1	0	0	0
66357355	1	5	1						1						1									3							1			1			21	13	2	0	5		0	0	0	0		0	0	1	0	0	0	0	0	1	1	0	0
27203925	2	12	1											1	1	1		1						1													19	16	0	0	6		0	0	0	0		0	0	0	0	0	1	0	0	0	1	0	1
303537	3	15	1											2	1									1													21	20	2	0	12		0	0	0	0		0	0	1	0	0	0	0	0	0	1	0	1
1477403	2	12	1											2	1							1		1													26	23	1	0	12		0	0	0	0		0	0	0	0	0	0	0	0	0	0	0	1
127779208	5	26	1				1	1						2	1	1								1	4												49	38	4	0	17		0	0	0	0		0	0	0	0	0	0	0	0	0	1	0	1
8025818	4	34	1													4		7	1			1		2													59	43	4	0	0		0	0	0	0		0	0	0	0	0	0	0	0	0	0	0	1
77678	1	5																							1												10	7	2	0	0		0	0	0	0		0	0	0	0	0	0	0	0	0	0	1	1
136310935	5	19	1								2				1	1						1		1		1											26	19	1	0	10		0	0	0	0		0	0	0	0	0	0	0	0	0	1	0	1
112665437	2	12	1							1				1	1						1																26	22	5	0	6		0	0	0	0		0	0	0	0	0	0	1	1	1	0	0	1
50533	3	14	1											2	1									2										1			21	17	0	0	12	1	1	0	0	0	1	1	0	1	0	0	0	0	0	0	1	0	1
1131642	2	10	1											1	1									2			1		1								13	10	1	0	6		0	0	0	0		0	1	0	0	0	0	0	0	0	1	0	0
6829987	3	15	1											2	1									1													22	19	0	0	12		0	0	0	0		0	0	1	0	0	0	0	0	0	0	0	1
1088115	3	17	1											2	1										1				1								19	15	2	0	12	1	1	0	0	0	1	1	0	0	0	0	0	0	0	1	0	0	1
90346	2	10	1				1	1						1	1			1						2													19	15	0	0	11		0	0	0	0		0	0	1	0	0	0	0	0	0	0	0	1
50704																6																					12	6	0	0	0		0	0	0	0		0	0	0	0	0	0	0	0	0	0	0	0
51218	1	6	1																						2												9	4	3	0	0	1	0	1	0	0	2	1	0	1	0	1	0	1	0	0	0	0	0
13655522	1	6	1											1	1	1		1						1													18	15	1	0	6		0	0	0	0		0	0	0	0	0	0	0	0	0	1	0	0
642728	3	15	1			2								2	1			1						1				1									23	19	0	0	16		0	0	0	0		0	1	1	0	0	0	0	0	1	1	1	1
865214	9	38	1	1	1									2	1	2		1				3		3													59	46	4	0	16		0	0	0	0		0	0	0	0	0	0	0	0	0	1	0	1
103890784	2	12	1											1	1							3		1													33	26	6	0	6		0	0	0	0		0	0	0	0	0	0	0	0	0	0	0	1
54063535	2	12	1											2	1	1		1		1				1													25	21	1	0	12		0	0	0	0		0	0	1	0	0	0	0	0	0	1	0	1
53032	4	17	1													2				3																	26	21	5	0	0		0	0	0	0		0	0	0	0	0	0	0	0	0	0	0	1
74191858	5	26	1									2		2	1			4						2	1												33	23	1	0	17		0	0	0	0		0	0	0	0	0	0	0	0	1	1	0	0
146485	5	21	1	1	1									1	1	1						1		1													26	21	1	0	10		0	0	0	0		0	0	0	0	0	0	0	0	0	1	0	1
100643718	4	21	1				1							1	1									1													22	19	1	0	12	1	1	0	0	0	1	1	0	0	0	0	0	0	0	0	0	0	0
59729338	3	15	1											2	1			1						1						1							24	20	0	1	12	1	0	1	0	0	2	1	0	0	0	0	0	0	0	1	1	1	1
91816	2	12	1				1							1	1									2													19	16	0	0	12		0	0	0	0		0	0	0	0	0	0	0	0	0	0	0	0
59676	1	6	1				1								1						1																9	6	1	0	6		0	0	0	0		0	0	0	0	0	0	0	0	0	0	0	0
3416248	1	6														4		1						1													12	6	0	0	0		0	0	0	0		0	0	0	0	0	0	0	0	1	0	1	0
144832	2	12	1				1							1	1									1												1	17	11	0	0	12		0	0	0	0		0	0	0	0	0	0	0	0	0	0	0	0
56542	4	18	1				1	1						1	1	1		1						1													24	20	1	0	11		0	0	0	0		0	0	0	0	0	0	1	1	0	0	1	1
114863	1	6	1											1	1									3			2		2								15	10	2	0	6		0	0	0	0		0	0	0	0	0	0	0	0	0	1	0	0
55038	2	12	1											2	1		1	1			1			1													24	15	1	0	12	1	0	0	0	4	4	4	1	1	0	0	0	0	0	0	0	0	1
50657	2	12	1											2	1		1								1						1						21	13	2	0	12	1	2	0	0	0	1	2	0	0	0	0	0	0	0	0	0	0	0
147944	2	11	1													3		1						1	1				1								17	9	3	0	0		0	0	0	0		0	0	0	0	0	0	0	0	0	0	0	1
3575802	2	12	1											1	1					1				1													19	16	1	0	6	1	0	1	0	0	2	1	0	0	0	0	0	0	0	0	0	0	0
162808620	4	33	1											1	1	7	1							3	7												77	52	7	0	6		0	0	0	0		0	0	0	0	0	0	0	0	0	0	0	0
18683915	2	12	1											1	1	1								2													18	13	0	0	6	1	0	0	2	0	3	2	0	0	0	0	0	0	0	0	0	0	1
42794763	1	6	1											1	1	1		2						1	1												18	12	1	0	6		0	0	0	0		0	0	0	0	0	0	0	0	0	0	0	0
126602899	8	54	1				1							2	1	1				1		1		2	6									1			73	53	8	0	18		0	0	0	0		0	0	0	0	0	0	0	0	0	0	0	0
114798264	4	22	1			1							2	2	1	1												1									30	22	0	0	22	1	1	0	0	0	1	1	0	0	0	0	0	1	1	0	0	0	1
7235407	2	12	1																																		40	40	11	0	0		0	0	0	0		0	0	0	0	0	0	0	0	0	0	0	0
30516871	2	11														1		1							2			1									19	10	5	0	0		0	0	0	0		0	0	0	0	1	0	1	1	1	0	0	1
59804374	3	15	1				1				1				1	1									1											1	22	13	2	0	11		0	0	0	0		0	0	0	0	0	0	0	1	0	0	0	0
122852420	4	18		1	1	1									1										1												22	17	1	0	15		0	0	0	0		0	0	1	0	0	0	0	1	0	0	0	1
114078	3	26														5		5		1		1		1													51	37	2	0	0		0	0	0	0		0	0	0	0	0	0	0	0	0	0	0	1
93957541	3	15	1					1						2	1	2					1																30	24	2	0	16	1	0	1	0	0	2	1	1	0	0	0	0	1	1	0	1	0	1
184475352	4	22	1									2		2	1			3						1													31	22	0	0	17	1	1	1	0	0	1,2	2	0	0	0	0	0	0	0	0	1	0	1
74863846	3	16	1											1	1						1			3	1		1		1							1	35	23	3	0	6		0	0	0	0		0	0	0	0	0	0	0	0	0	0	0	1
466900	5	18	1											1	1			2				1															25	20	2	0	6		0	0	0	0		0	0	0	0	0	0	0	0	0	1	0	0
68224	4	17														1				1																	22	20	2	1	0		0	0	0	0		0	0	0	0	0	0	0	0	0	0	0	1
26844122	4	21	1	1	1									2	1									1	1												26	22	1	0	16		0	0	0	0		0	0	0	0	0	0	0	0	0	1	0	0
88040	1	6	1											1	1		1																				10	8	0	0	6	1	1	0	0	0	1	1	0	0	0	1	0	0	0	0	1	1	0
58402	3	14	1											2	1									2										1			20	17	0	0	12		0	0	0	0		0	0	1	0	0	0	0	0	1	0	0	1
52315078	3	15	1											2	1			1				1								1							28	22	2	1	12	1	2	0	0	0	1	2	0	1	0	0	0	0	0	0	0	0	0
120978	1	6	1											1	1																					2	16	6	0	0	6	1	2	0	0	0	1	2	0	0	0	0	0	0	0	0	0	0	0
122098	1	6	1											1	1									1													11	10	0	0	6		0	0	0	0		0	0	0	0	0	0	0	0	0	0	0	0
83987	2	12	1											2	1			1						1													20	18	0	0	12		0	0	0	0		0	0	0	0	0	0	0	0	0	0	0	1
23047258	4	21	1											3	1					1				2													30	26	1	0	18	1	1	0	0	0	1	1	0	0	0	0	0	0	0	0	1	0	0
22071154	2	12	1											2	1					1	1																19	16	2	0	12		0	0	0	0		0	0	0	0	0	0	0	0	0	0	0	0
60576138	3	18	1				1							2	1					1					1												26	22	2	0	18		0	0	0	0		0	0	0	0	0	0	0	0	0	1	0	1
25451154	1	6	1											1	1							2			2												17	11	2	0	6		0	0	0	0		0	0	0	0	0	0	0	0	0	0	1	1
83366669	4	23	1											2	1			1						2	1			1									33	25	2	0	12	1	1	0	0	0	1	1	0	0	0	0	0	0	0	0	0	0	1
52468607	4	24	1											3	1														1								30	26	1	0	18	1	0	2	0	0	2	2	1	1	0	1	0	0	1	0	1	0	0
18559949	1	6	1											1	1	2	1							1													17	13	0	0	6		0	0	0	0		0	0	0	0	0	0	0	0	0	0	0	1
74011588	3	16	1				1								1					1	1			3													23	15	3	0	6	1	0	1	0	0	1	1	0	0	0	0	0	0	0	0	0	0	0
143322581	4	20	1	1	1									2	1									1												1	27	22	0	0	16		0	0	0	0		0	0	0	0	0	0	0	0	0	1	0	1
21829254	2	12	1											1	1							2		1							1						25	17	5	0	6		0	0	0	0		0	0	0	0	0	0	0	0	0	1	0	1
74014510	3	28	1													3		5	1			3		1													58	42	6	0	0		0	0	0	0		0	0	0	0	0	0	0	0	0	0	0	1
41708729	1	6	1											1	1									1	1												14	11	1	0	6		0	0	0	0		0	0	0	0	0	0	0	0	0	0	0	0
67630																1																					4	3	0	0	0		0	0	0	0		0	0	0	0	0	0	0	0	0	0	0	0
59865133	1	33														1									11												84	61	12	0	0		0	0	0	0		0	0	0	0	0	0	0	0	0	0	0	1
63675729	2	12	1											1	1							2		1							1						28	20	5	0	6		0	0	0	0		0	0	0	0	0	0	0	0	0	0	0	1
303491	3	15	1											2	1									2													22	19	0	0	12	1	1	0	0	0	1	1	0	1	0	0	0	0	0	1	1	0	1
179324697	2	12	1									3		1	1										2												28	19	2	0	12		0	0	0	0		0	0	1	0	0	0	0	1	1	1	0	1
525666	2	10	1											2	1	1		1						1													19	16	0	0	11		0	0	0	0		0	0	1	0	0	0	0	0	1	1	0	1
36505847	4	22	1									2			1									2	1												28	21	2	0	6		0	0	0	0		0	0	0	0	0	0	0	0	0	1	0	1
22316478	3	17	1											2	1										2												21	16	2	0	12	1	1	0	0	0	1	1	0	0	0	0	1	0	0	1	0	0	1
134308137	2	12	1											2	1		2			1											1						20	14	2	0	12		0	0	0	0		0	0	0	0	0	0	0	0	0	0	0	0
191114484	5	34	1			1	1								1	1		3		2		2		2	1												58	43	4	0	11		0	0	0	0		0	0	1	0	0	0	0	0	0	0	0	1
3737095	2	12	1				1							1	1									1	1												25	21	1	0	12		0	0	0	0		0	0	0	0	0	0	0	0	0	0	0	1
84449901	5	27	1								1			3	1		2	1		1				1													34	28	1	0	22		0	0	0	0		0	0	0	0	0	0	0	0	0	0	0	1
57965	4	23	1											3	1										2			1							1		29	23	2	0	18		0	0	0	0		0	0	0	0	0	0	1	1	0	0	0	1
117895	4	20	1											2	1									3										1			28	21	0	0	12	1	0	3	0	0	2	3	0	1	0	0	0	0	0	0	0	0	0
66104221	4	16	1	1	1									1	1									1										1			22	19	0	0	10		0	0	0	0		0	0	0	0	0	0	0	0	0	0	0	1
117976893	3	15	1			1	1							1	1			2		1																	25	19	1	0	16		0	0	0	0		0	0	0	0	0	0	0	0	1	0	0	1
2062784	5	27	1											3	1									1	1												34	28	1	0	18	1	0	2	0	0	2	2	0	1	0	0	0	0	0	0	0	0	1
13292461	5	36	1											2	1	2	3	3		1		1		1	1			1	1								59	43	7	0	11		0	0	0	0		0	0	0	0	1	0	1	1	0	0	0	1
5633205	2	12	1											1	1	1						1		1													26	22	1	1	6		0	0	0	0		0	0	0	0	0	0	0	0	0	0	0	1
749133	3	18	1											2	1	1				1				1													29	22	1	0	12	1	0	4	0	0	2	4	0	0	0	0	0	0	0	0	1	0	0
51333223	5	20														2		2		2																	31	25	4	0	0		0	0	0	0		0	0	0	0	0	0	0	0	0	0	0	1
6493056	2	9	1			1									1					1					2												20	13	3	0	5		0	0	0	0		0	0	1	0	0	0	0	0	0	0	0	0
90335	2	10	1											1	1		1					1															13	10	2	0	6		0	0	0	0		0	0	0	0	0	0	0	0	0	0	0	1
115256116	2	12	1											2	1			1						1												2	29	19	0	0	12		0	0	0	0		0	0	0	0	0	0	0	0	0	0	0	1
520854	4	17														1				2																	25	22	3	0	0		0	0	0	0		0	0	0	0	0	0	0	0	0	0	0	1
2998574	4	17	1											1	1	1						1			1												29	23	1	0	6	1	2	0	0	0	1	2	0	0	0	0	0	0	0	0	0	0	1
19216569	4	21	1						1			2		1	1			2						2	1												28	19	1	0	16		0	0	0	0		0	1	0	0	0	0	0	0	0	0	0	0
52485797	7	23	1											1	1	1	1	2																			34	29	0	0	6		0	0	0	0		0	0	0	0	0	0	1	0	0	1	0	1
137234629	3	17	1									2	1	1	1	1												1									25	16	0	0	17	1	0	3	0	0	2	3	0	0	0	0	0	0	1	1	0	0	1
37350586	1	6	1											1	1	1		2						1													19	15	0	0	6		0	0	0	0		0	0	0	0	0	0	0	0	1	1	0	0
33671464	3	16	1								1			1	1										1				1								21	16	2	0	11	1	1	0	0	0	1	1	0	0	0	0	1	0	0	1	0	0	1
121540	2	12	1											2	1			2						1													30	27	0	0	12		0	0	0	0		0	0	0	0	0	0	0	0	1	1	0	0
22916478	3	17	1			1								2	1			1																			25	18	0	0	17	1	4	0	0	0	1	4	0	0	0	0	0	0	0	0	0	0	1
98964	1	6	1									3			1										1												9	5	1	0	6		0	0	0	0		0	0	1	0	0	0	0	0	0	0	0	1
142340996	2	9	1			1						2			1			1				2		1													34	20	2	0	10		0	0	0	0		0	0	0	0	0	0	0	0	0	0	0	0
61318909	3	17	1			1								2	1																			1			24	18	0	0	17	1	3	0	0	0	1	3	0	0	0	0	0	0	0	0	0	0	0
159989647	4	22	1											2	1	1	1							1	2									1			40	32	2	0	12		0	0	0	0		0	0	0	0	0	0	0	0	1	0	0	0
13539598	3	13	1											1	1									1	2			1	1								22	16	3	0	6		0	0	0	0		0	0	0	0	0	0	0	0	0	0	0	0
19186357	5	22	1											2	1			5				1															29	22	1	0	12		0	0	0	0		0	0	0	0	0	0	0	0	1	0	0	1
132203704	3	18	1											2	1			1				2		1							1						36	27	6	0	12		0	0	0	0		0	0	0	0	0	0	0	0	0	0	0	1
25905775	3	18	1									1		1	1			1						2				1									22	17	0	0	12		0	0	0	0		0	0	0	0	0	0	0	0	0	1	0	0
64706543	3	17	1											2	1			1						2													27	24	0	0	12		0	0	0	0		0	0	0	0	0	0	0	0	0	1	0	0
50237	4	17														3				2																	26	21	3	0	0		0	0	0	0		0	0	0	0	0	0	0	0	0	0	0	1
86386734	3	16	1										1	1	1	1												1									22	13	0	0	16	1	0	2	0	0	2	2	0	0	0	0	0	0	0	0	0	0	0
72509763	2	12	1											1	1							2		1													25	18	4	0	6	1	2	0	0	0	1	2	0	0	0	0	0	0	0	0	0	0	1
90729434	4	24	1											3	1			1		1				1													35	32	1	0	18		0	0	0	0		0	0	0	0	0	0	0	0	0	0	0	1
50066	2	12	1											1	1										2												17	12	3	0	6		0	0	0	0		0	0	0	0	0	0	0	0	1	0	0	0
55837257	2	11	1											1	1			3		1				1													22	17	1	0	6		0	0	0	0		0	0	0	0	0	0	0	0	1	1	0	0
27262471	2	12	1											1	1									1	1												21	18	1	0	6		0	0	0	0		0	0	1	0	0	0	0	0	0	0	0	1
83799240	4	24	1											3	1	2					1			1													37	32	1	0	18		0	0	0	0		0	0	0	0	0	0	0	0	0	0	0	0
637070	1	6	1											1	1			1				1															16	12	1	0	6	1	1	0	0	0	1	1	0	0	0	0	0	0	0	0	0	0	1
71486221	9	37	1	1	1									2	1	1		1				3		3													57	45	5	0	16		0	0	0	0		0	0	0	0	0	0	0	0	0	1	0	1
58731	2	12	1											2	1			1						1													19	17	0	0	12		0	0	0	0		0	0	0	0	0	0	0	0	0	1	0	0
43200802	4	21	1				1					3			1							1		1	2												27	17	2	0	12	1	1	0	0	0	1	1	0	0	0	0	0	1	1	0	0	1	1
32359345	2	12	1											2	1			2						1													19	16	0	0	12		0	0	0	0		0	0	0	0	1	0	0	0	0	0	0	1
520274	5	28	1											2	1	6	2	6		1																	43	28	2	0	12		0	0	0	0		0	0	0	0	0	0	0	0	0	0	0	0
27848846	5	22	1	1	1		1							1	1			1				1		1													31	24	1	0	16	1	0	0	1	0	3	1	0	0	0	0	0	0	0	0	1	0	0
13838169																		1																			10	3	0	0	0	1	1	5	0	0	1,2	6	0	0	0	0	0	0	0	0	0	1	0
164656239	5	23	1											1	1										2												37	27	3	0	6	1	0	6	0	0	2	6	0	0	0	0	0	0	0	0	0	0	1
105979177	4	24	1											2	1							2		2							1						37	28	5	0	12		0	0	0	0		0	0	0	0	0	0	0	0	0	0	0	0
79617962	3	16	1											2	1									1													20	17	0	0	12	1	2	0	0	0	1	2	0	1	0	0	1	0	1	1	1	0	1
6740881	2	12	1											1	1					1				1													16	13	1	0	6	1	1	0	0	0	1	1	0	0	0	0	1	1	1	0	0	0	1
4360127	6	19	1											1	1	2								2													24	20	0	0	6		0	0	0	0		0	0	0	0	0	0	0	0	0	1	0	0
38194502	3	15	1											2	1						1														1		25	20	3	0	12	1	0	1	0	0	2	1	0	0	0	0	0	0	0	0	0	0	0
137862534	3	17	1										2	2	1						1				1			1									32	24	2	0	17		0	0	0	0		0	0	0	0	0	0	0	1	0	0	0	0
113451	2	12	1											1	1							1		1													17	14	1	0	6		0	0	0	0		0	0	0	0	0	0	0	0	0	1	0	0
50146	3	15	1													1																					29	28	4	0	0		0	0	0	0		0	0	0	0	0	0	0	0	0	0	0	1
66722449	1	6	1											1	1	1		3						1													23	18	0	0	6		0	0	0	0		0	0	0	0	0	0	0	0	0	1	0	1
23593751	4	23	1			1								3	1																						25	22	0	0	23	1	1	0	0	0	1	1	0	0	0	0	0	0	0	0	0	0	0
113665842	3	15	1								1			1	1							1		1													21	16	1	0	11	1	1	0	0	0	1	1	0	1	0	0	1	0	1	1	0	0	1
137586	1	6	1											1	1									1	1												17	14	1	0	6		0	0	0	0		0	0	1	0	1	1	1	1	0	1	0	1
59870	1	5	1						1						1										1			1	1		1						14	6	3	0	5		0	0	0	0		0	0	0	0	0	0	0	0	0	1	0	0
54853	1	6	1				1								1										1			1									10	6	1	0	6		0	0	0	0		0	0	0	0	0	0	0	0	0	0	1	0
95233184	4	22	1							1				2	1	1																					26	22	3	0	12	1	1	0	0	0	1	1	0	0	0	0	0	0	0	0	0	0	0
75530686	2	12	1											1	1							2		1						1	1						28	19	5	1	6		0	0	0	0		0	0	0	0	0	0	0	0	0	0	1	0
54965218	2	9	1			1								1	1							1			1									1			18	12	1	0	10		0	0	0	0		0	0	1	0	0	0	0	0	0	0	0	1
18323449	2	11														3		1						1	1									1			27	18	1	0	0	1	1	0	0	0	1	1	0	0	0	0	0	0	0	0	0	0	1
145733364	5	27	1									2	2	2	1										1			1									31	23	1	0	23		0	0	0	0		0	0	0	0	0	0	0	0	0	0	0	1
52868	3	18	1											2	1	1				1				1													26	21	1	0	12	1	1	1	0	0	1,2	2	1	0	0	0	0	0	1	1	1	0	1
59427	1	6	1											1	1	1	1							1													12	9	0	0	6		0	0	0	0		0	0	0	0	0	0	0	0	0	0	0	0
50351	3	15	1											1	1										2												19	13	4	0	6		0	0	0	0		0	0	0	0	1	1	1	1	1	0	0	0
435972	3	16	1											2	1	1						1															21	18	2	0	12		0	0	0	0		0	0	0	0	0	0	1	1	0	0	0	1
488415	0															4																					12	6	0	0	0	1	0	0	2	0	3	2	0	0	0	0	0	0	0	0	0	0	0
5588330	4	20	1											2	1									2										1	1		26	21	0	0	12		0	0	0	0		0	0	0	0	0	0	0	0	0	1	0	0
797637	4	17	1			1										1				1																	23	21	2	1	0		0	0	0	0		0	0	0	0	0	0	0	0	0	0	0	1
76993	2	12	1											2	1					1				1													23	21	1	0	12		0	0	0	0		0	0	1	0	0	1	1	1	1	1	0	1
55985325	3	18	1											2	1							2		2							1						35	26	5	0	12		0	0	0	0		0	0	0	0	0	0	1	0	0	1	1	1
134523005	4	23	1	1										3	1	2					1				1												41	33	2	0	23	1	0	1	0	0	2	1	0	0	0	0	0	0	0	0	0	0	1
141845821	6	26	1													1		2		2		1															39	32	5	0	0		0	0	0	0		0	0	0	0	0	0	0	0	0	0	0	1
51456	1	5	1			1									1									1													8	5	0	0	5		0	0	0	0		0	0	0	0	0	0	0	1	0	0	0	1
68882	3	18	1											2	1	1		1						2													26	21	0	0	12	1	1	0	0	0	1	1	0	0	0	0	0	0	0	0	0	0	0
604751	3	17	1											2	1	1									1				1								20	15	2	0	12	1	1	0	0	0	1	1	0	0	0	0	0	0	0	0	0	0	1
437387	3	18	1											2	1									1	1												25	22	1	0	12		0	0	0	0		0	0	0	0	0	0	0	0	0	0	0	1
76744	1	6																							2												16	11	3	0	0		0	0	0	0		0	0	0	0	0	0	0	0	1	0	0	0
98319267	4	17																							2												27	23	3	0	0		0	0	0	0		0	0	0	0	0	0	0	0	0	0	0	1
52766	4	17														1																					21	20	1	1	0		0	0	0	0		0	0	0	0	0	0	0	0	1	0	0	1
1812302	3	17	1				1							1	1										1				1								19	14	2	0	12	1	0	0	1	0	3	1	0	1	0	0	0	0	0	1	0	0	1
378449	4	17	1													3				2																	28	22	4	0	0	1	0	1	0	0	2	1	0	0	0	0	0	0	0	0	0	0	0
465656	5	18	1											1	1	1	1	1		1				1													24	19	2	0	6		0	0	0	0		0	0	0	0	0	0	1	0	0	0	0	1
486124	3	17	1				1							1	1									1													21	19	1	0	12		0	0	0	0		0	0	0	0	0	0	0	0	0	0	0	0
86401958	4	17	1													1				2		2															34	27	6	0	0		0	0	0	0		0	0	0	0	0	0	0	0	0	0	0	0
537462	1	6	1											1	1									1													11	10	0	0	6		0	0	0	0		0	0	0	0	0	0	0	0	0	1	0	0
76380																		1																			8	3	0	0	0	1	2	2	0	0	1,2	4	0	1	0	1	1	0	1	0	1	1	1
564250	4	18	1											1	1	4	1			2				1	1												32	22	5	0	6		0	0	0	0		0	0	0	0	0	0	0	0	0	0	0	0
76573	5	18	1											1	1	1		2						1													22	18	1	0	6		0	0	0	0		0	0	0	0	0	0	0	0	0	1	0	1
2165197	2	10	1											1	1			2						2			1		1								15	10	1	0	6		0	0	0	0		0	0	0	0	0	0	0	0	0	1	0	0
91849	2	12	1				1							1	1			1						2													21	17	0	0	12		0	0	0	0		0	0	0	0	0	0	0	0	0	0	0	0
57808669	5	24	1											2	1									1	2												30	22	2	0	12	1	1	0	0	0	1	1	0	1	0	0	1	1	0	0	1	0	1
39562704	2	12	1											1	1							2		1							1						26	18	5	0	6		0	0	0	0		0	0	0	0	0	0	0	0	0	0	0	1
99614025	4	18	1	1	1	1								1	1					1																	22	18	1	0	15		0	0	0	0		0	0	1	0	0	0	0	1	0	1	1	1
486168	2	12	1				1							1	1			1						1													20	16	0	0	12	1	1	0	0	0	1	1	0	0	0	0	1	1	1	1	0	1	1
300629	1	6	1											1	1									1													10	9	0	0	6		0	0	0	0		0	0	0	0	0	0	0	0	0	1	0	0
3546030	3	14	1											2	1									2						1				1			23	19	0	1	12		0	0	0	0		0	0	1	0	0	0	1	1	0	0	0	1
2898126	3	17	1											2	1									1					1								19	16	1	0	12	1	1	0	0	0	1	1	0	0	0	0	0	0	0	1	0	0	1
170729803	4	23	1											2	1			2						1	1			1	1								37	23	2	0	12	1	0	7	0	0	2	7	0	1	0	0	0	0	0	1	0	0	1
139264178	3	14	1	1	1									1	1							1		1	1												21	16	1	0	10		0	0	0	0		0	0	1	0	0	0	0	0	0	0	0	0
161973100	3	15	1			1	1							1				2																	1		24	17	0	0	16		0	0	0	0		0	0	0	0	0	0	0	0	1	0	0	0
911455	3	18	1											3	1			1						1													29	26	1	0	18	1	1	0	0	0	1	1	0	0	0	0	0	0	0	0	0	0	0
61825943	1	6																						2													8	6	0	0	0		0	0	0	0		0	1	1	1	0	0	0	0	0	0	1	0
126078	3	14	1											1	1			4		2																	24	17	3	0	6	1	1	0	0	0	1	1	0	1	0	0	0	0	0	0	0	0	0
57272	5	18	1											1	1	1	1	1						1													21	17	1	0	6		0	0	0	0		0	0	0	0	0	0	1	0	0	1	0	1
152459955	5	30	1				1					2		2	1									3	1												37	29	1	0	24		0	0	0	0		0	0	0	0	0	0	0	0	0	0	0	1
72695	3	15	1											2	1									1													20	19	1	0	12		0	0	0	0		0	0	1	0	0	0	0	0	1	1	0	1
60548	4	18	1											1	1	4	1			2				1	1												32	22	5	0	6		0	0	0	0		0	0	0	0	0	0	0	0	0	0	0	1
54115	2	11	1				1								1									1													12	10	0	0	6		0	0	0	0		0	1	1	0	1	1	1	1	1	1	1	1
287714414	2	12	1									2		1	1	2					1															1	33	22	2	0	12	1	0	1	0	0	2	1	0	0	0	0	0	0	1	0	0	0	1
89796996	2	12	1											2	1						1	1		1													23	16	2	0	12	1	2	0	0	0	1	2	0	0	0	0	0	0	1	0	0	0	0
109581933	4	34														3		4		2		1			1												57	44	7	0	0		0	0	0	0		0	0	0	0	0	0	0	0	0	0	0	1
156611766	5	27					2							1	1									1													30	26	1	0	18	1	1	0	0	0	1	1	0	0	0	0	0	0	0	0	0	0	1
10540291	3	18	1											3	1			1						1													28	26	1	0	18		0	0	0	0		0	1	0	0	1	1	0	1	1	1	1	1
76426	5	18	1											1	1	1		2		1				1													23	18	1	0	6		0	0	0	0		0	0	0	0	0	0	0	0	0	1	0	0
37148279	1	6	1											1	1	1								2													17	12	0	0	6	1	2	0	0	0	1	2	1	1	0	0	0	0	0	0	0	0	0
85721331	4	19	1											1	1					1	1			3													24	17	3	0	6	1	0	1	0	0	2	1	0	0	0	0	0	0	0	0	0	0	0
363246	1	5														2				1	1																25	20	4	0	0		0	0	0	0		0	0	1	0	0	0	0	0	0	0	0	0
82664208	3	26														5		5		1		1		1													52	37	2	0	0	1	0	1	0	0	2	1	0	0	0	0	0	0	0	0	0	0	0
71320779	2	12	1											1	1			1						1	1												18	13	1	0	6	1	1	0	0	0	1	1	0	0	0	0	0	0	1	1	1	0	0
58184	4	17	1													1				1																	22	20	2	0	0		0	0	0	0		0	0	0	0	0	1	0	0	0	0	0	1
20830813	5	24	1							1				2	1	2	2	3		1				1													38	27	3	0	12		0	0	0	0		0	1	1	0	0	0	0	0	0	0	0	1
1893330	3	18	1											1	1					1				2	1												27	21	2	0	6	1	0	1	0	0	2	1	0	0	0	0	0	0	0	0	0	0	0
2321075	5	22	1											3	1		2	1				1															25	20	1	0	18		0	0	0	0		0	0	0	0	0	0	0	0	0	0	0	0
26615214	3	15	1											2	1			1						1										1			22	18	1	0	12	1	1	0	0	0	1	1	1	1	0	0	1	0	0	1	1	0	1
129722129	4	22	1											2	1			1						2	1												30	23	1	0	12	1	2	0	0	0	1	2	0	0	0	0	0	0	0	0	1	0	1
123948878	5	21	1				1	1						1	1	1	1					1		1	1												31	23	4	0	11		0	0	0	0		0	0	0	0	0	0	0	0	0	0	0	0
22204531	2	10	1											2	1			1			1																17	14	1	0	11		0	0	0	0		0	0	1	0	0	0	1	1	0	0	0	0
139755832	4	21	1			2								1	1			1						1	1			1	1							1	33	22	2	0	11		0	0	0	0		0	0	0	0	0	0	0	1	1	1	0	1
71238																1																					4	3	0	0	0		0	0	0	0		0	0	0	0	0	0	0	0	0	0	0	0
86420	3	16					1	1						2	1		1							2													25	20	0	0	17	1	1	0	0	0	1	1	1	0	1	0	0	1	0	0	0	0	0
118423	2	10	1				1	1						1	1	1								2													23	18	0	0	11	1	1	0	0	0	1	1	0	0	0	0	0	0	0	0	0	0	0
311455	1	6	1											1	1																1						18	10	1	0	6		0	0	0	0		0	0	1	0	0	0	1	0	0	0	1	1
161814499	3	17	1											2	1	1		1				1			1											1	35	25	1	0	12		0	0	0	0		0	0	0	0	0	0	1	1	0	1	0	1
17902237	2	11	1															1							2												14	8	3	0	0	1	0	1	0	0	2	1	0	1	0	1	0	1	0	0	0	1	0
77236	2	11	1											1	1			1				1		1													24	20	1	0	6		0	0	0	0		0	0	0	0	0	0	0	0	0	1	0	1
23214928	5	24	1							1				2	1	3	2	3		1				1													39	27	3	0	12		0	0	0	0		0	0	0	0	0	0	0	0	0	0	0	1
555306	1	6	1											1	1		2				1			1													15	10	1	0	6		0	0	0	0		0	0	1	0	0	0	0	0	0	1	0	0
52539	2	12	1											2	1			4						1						1							33	27	0	1	12		0	0	0	0		0	0	1	0	0	1	1	1	1	0	0	1
67685																																			1		4	2	0	0	0		0	0	0	0		0	0	0	0	0	0	0	0	0	0	0	0
159351696	4	42	1													3		5		3		1			1												68	53	9	0	0		0	0	0	0		0	0	0	0	0	0	0	0	0	0	0	1
37640714	3	15	1											2	1									2													24	22	0	0	12		0	0	0	0		0	0	0	0	0	0	0	0	0	1	0	0
53267019	4	20	1											2	1									1					1								20	18	1	0	12		0	0	0	0		0	0	0	0	0	0	0	0	0	1	0	1
1668195	3	15	1											2	1			1						1													21	19	1	0	12		0	0	0	0		0	0	1	0	0	0	0	1	1	1	0	0
128196010	3	15	1											2	1			1						1						1							24	20	0	1	12	1	0	1	0	0	2	1	0	0	0	0	0	0	0	1	1	0	1
90824	1	6	1											1	1	1								1													12	10	0	0	6		0	0	0	0		0	0	0	0	0	0	0	0	0	1	0	0
138890627	2	9	1								1				1			1						1												2	23	12	0	0	5		0	0	0	0		0	0	0	0	0	0	0	0	0	0	0	1
60877	3	14	1											2	1									2										1			20	17	0	0	12		0	0	0	0		0	0	0	0	0	1	0	0	0	1	0	0
118288087	3	17	1				1		1						1			1						1	1										1		30	22	2	0	11		0	0	0	0		0	0	0	0	0	0	0	0	0	0	0	0
80012437	4	18	1											2	1									2					1								19	16	1	0	12		0	0	0	0		0	0	0	0	0	1	0	0	0	1	0	1
59467708	4	20	1			1								2	1														1								23	18	1	0	17	1	1	1	0	0	1,2	2	0	0	0	0	1	0	0	0	0	0	1
50362	3	14	1											1	1							2		1													22	17	2	0	6		0	0	0	0		0	0	0	0	0	0	0	0	0	0	0	1
72446	3	16	1											2	1										1				1								19	16	2	0	12		0	0	0	0		0	0	0	0	0	0	0	0	0	0	0	1
54057	2	10	1				1	1							1									2													22	18	0	0	11	1	1	0	0	0	1	1	1	0	0	0	0	1	0	0	1	0	1
68844779	5	27	1			1								3	1			1						2													34	28	0	0	22	1	0	1	0	0	2	1	0	0	0	0	0	0	0	0	1	0	1
20830755	8	40														6		6				1															55	41	2	0	0		0	0	0	0		0	0	0	0	0	0	0	0	0	0	0	1
76733	1	6																							2												17	12	4	0	0		0	0	0	0		0	0	0	0	0	0	0	0	0	0	0	0
51264143	4	20	1				1	1						3	1			1						1												1	28	21	0	0	22		0	0	0	0		0	0	0	0	0	0	0	0	0	1	0	0
85371648	1	6	1				1								1									2					1	1							18	13	1	1	6		0	0	0	0		0	0	0	0	0	0	0	0	0	0	0	1
125644	1	6																		1					1												13	10	2	0	0		0	0	0	0		0	0	0	0	0	0	0	0	0	1	0	0
68268	1	6	1													1																					21	20	5	0	0		0	0	0	0		0	0	1	1	0	0	1	0	0	0	1	1
86351	2	11	1											1	1										2												15	11	2	0	6		0	0	0	0		0	0	0	0	0	0	0	0	0	0	0	0
29216282	5	22	1											2	1									2										1			23	20	0	0	12		0	0	0	0		0	0	0	0	0	0	0	0	0	1	0	0
3313266	4	20	1											2	1									2										1		1	30	23	1	0	12		0	0	0	0		0	0	1	0	0	0	0	0	0	0	0	0
2751099	4	28																5		1		4		1		1											57	41	5	0	0		0	0	0	0		0	0	0	0	0	0	0	0	0	0	0	1
65271809	3	14	1							1				2	1	2	2							4													32	22	2	0	12		0	0	0	0		0	0	0	0	0	0	0	0	0	0	1	0
77418	2	11	1											1	1										1												15	12	2	0	6		0	0	0	0		0	0	0	0	0	0	0	0	1	0	0	0
202409334	3	18	1				2							1	1																					1	24	18	0	0	18	1	1	0	0	0	1	1	0	0	0	0	0	0	0	0	0	0	1
70374399	3	15	1				1				1				1	1									1											1	23	13	2	0	11	1	1	0	0	0	1	1	0	0	0	0	0	0	1	0	0	0	0
83928761	3	18	1									2			1									2	1												26	19	2	0	6		0	0	0	0		0	0	0	0	0	0	0	0	0	1	0	1
83015263	2	12	1											2	1			1						1													19	17	0	0	12		0	0	0	0		0	0	0	0	0	0	0	0	1	1	0	0
100427267	4	24	1											3	1							2		2							1						45	36	5	0	18		0	0	0	0		0	0	0	0	0	0	0	0	0	0	0	1
54048101	4	17	1													1				1																	24	22	3	1	0		0	0	0	0		0	0	0	0	0	0	0	0	0	0	0	1
79016																																					5	2	1	0	0	1	3	0	0	0	1	3	0	1	0	0	0	0	0	0	0	1	1
125848	2	12	1											1	1									1	1												17	13	2	0	6		0	0	0	0		0	0	0	0	0	0	0	0	0	0	0	0
520343	3	16	1											2	1		3	2		1																	22	16	2	0	12		0	0	0	0		0	0	0	0	0	0	0	0	0	0	0	0
357700	4	17	1											1	1	1		2						1													21	17	1	0	6		0	0	0	0		0	0	0	0	0	0	0	0	0	1	0	1
51781067	2	10	1											1	1	1		1						1	1												21	16	1	0	6		0	0	0	0		0	0	0	0	0	0	0	0	0	1	0	0
220991208	2	12	1											2	1						1			1													20	15	1	0	12	1	1	1	0	0	1,2	2	0	0	0	0	0	0	1	0	0	0	0
136236516	2	9	1											1	1									1													13	12	0	1	6		0	0	0	0		0	0	1	0	0	0	0	0	0	0	0	0
79794755	4	21	1				1							1	1							1			1												27	22	2	0	12	1	1	0	0	0	1	1	0	0	0	0	0	0	1	0	1	0	1
113155	8	34	1	1	1									2	1	1		1						1	3												43	33	4	0	16		0	0	0	0		0	0	1	0	0	0	0	0	0	0	0	1
71636	8	40														5		6				1															54	41	2	0	0		0	0	0	0		0	0	0	0	0	0	0	0	0	0	0	1
151677																																					7	2	0	0	0	1	1	3	1	0	1,2,3	5	0	0	0	1	1	0	1	0	1	1	1
153559490	3	16	1											2	1						1																26	24	2	0	12		0	0	0	0		0	0	0	0	0	0	0	1	0	0	0	1
51412	1	6	1											1	1	1	2							1													12	8	0	0	6		0	0	0	0		0	0	0	0	0	0	0	0	0	0	0	0
83896	3	14	1				1	1						2	1			1						2													28	23	0	0	16	1	1	0	0	0	1	1	0	0	0	0	0	0	0	0	0	0	1
321642	3	14	1				1	1						1	1									1													15	13	0	0	11		0	0	0	0		0	0	1	0	0	0	0	0	0	0	0	0
1622613	3	17	1											2	1										1				1		1						22	15	3	0	12	1	1	0	0	0	1	1	0	0	0	0	0	0	0	0	0	0	1
58140	2	12	1									2		1	1									2													17	12	0	0	12	1	1	0	0	0	1	1	0	0	0	0	0	0	0	0	0	0	0
90391	4	17																						2													17	15	0	0	0		0	0	0	0		0	0	0	0	0	0	0	0	0	1	0	0
99011026	3	13	1			1	1	1						1	1									1													18	14	0	0	15		0	0	0	0		0	0	1	0	0	0	0	0	0	0	0	1
81098604	3	18	1											2	1			3						2	1												32	23	1	0	12	1	1	1	0	0	1,2	2	0	1	0	1	1	1	1	1	0	0	1
526089	3	17	1			2								2	1									1				1								1	22	15	0	0	17		0	0	0	0		0	0	0	0	0	0	0	0	0	0	0	0
60800	2	11	1											1	1										1			1									14	11	2	0	6		0	0	0	0		0	0	1	0	1	1	1	1	1	1	1	1
10457906	3	18	1											2	1	1				1				1													26	21	1	0	12	1	0	1	1	0	2,3	2	0	0	0	0	0	0	0	0	0	0	1
484208	3	13	1						1					1	1			1				1															16	12	2	0	10		0	0	0	0		0	0	0	0	0	0	0	0	0	0	0	0
68359	2	12	1									2		1	1									1												1	17	10	0	0	12		0	0	0	0		0	0	0	0	0	0	1	1	0	0	1	1
83670	2	9	1			1									1										2												13	7	2	0	5		0	0	0	0		0	0	1	0	0	0	0	0	0	0	1	0
118292403	3	16	1				1							1	1							1												1			25	21	1	1	12		0	0	0	0		0	0	0	0	0	0	1	0	0	0	0	0
83507691	4	16																2			1	1															27	19	2	0	0		0	0	0	0		0	0	0	0	1	0	0	0	0	0	0	0
114977285	6	29	1											2	1	4		1		1		4			1												58	43	6	0	12		0	0	0	0		0	0	0	0	0	0	0	0	0	0	0	1
68475423	3	13	1											1	1									1	1				1								16	10	2	0	6	1	2	0	0	0	1	2	0	1	0	0	0	0	0	0	0	0	0
58957929	5	24	1							1				2	1	2	2	2		1																	36	26	3	0	12		0	0	0	0		0	0	0	0	0	0	0	1	0	1	0	0
443481	1	5				1									1	1															1						12	6	1	0	5		0	0	0	0		0	0	0	0	0	0	0	1	0	0	0	1
57227	9	38	1	1	1									2	1	2		1				3		2	1												60	46	5	0	16		0	0	0	0		0	0	0	0	0	0	0	0	0	0	0	1
59961	2	12	1											2	1			1						1													21	18	0	0	12	1	1	0	0	0	1	1	0	0	0	0	0	0	0	0	0	0	1
63659187	2	9	1											1	1	1		2						1													22	18	0	0	6		0	0	0	0		0	0	1	0	0	0	0	0	0	1	0	0
60991	3	14	1											2	1			1						2										1			23	19	0	0	12		0	0	0	0		0	0	0	0	0	0	0	0	0	1	0	0
53772831	4	20	1											2	1	1								2										1			27	22	1	0	12	1	1	0	0	0	1	1	0	0	0	0	0	0	0	0	1	0	0
57830	4	17	1																	2																	23	21	3	0	0		0	0	0	0		0	1	1	1	1	0	1	1	1	1	0	1
83905015	3	27														5		5				1		2													52	38	1	0	0		0	0	0	0		0	0	0	0	0	0	0	0	0	0	0	1
68893	2	11	1											1	1									1	1			1									21	13	2	0	6		0	0	0	0		0	0	0	0	0	0	0	0	0	0	0	0
50475	3	15	1											2	1									2													20	18	0	0	12		0	0	0	0		0	0	1	0	0	0	0	0	1	1	0	0
59927	1	6	1											1	1		2				1			1													14	9	1	0	6		0	0	0	0		0	0	0	0	0	0	0	0	0	1	0	0
54910893	2	12	1											2	1			1						1													22	17	0	0	12	1	0	3	0	0	2	3	0	1	0	0	1	0	1	1	1	1	1
146225	3	17	1											2	1										1				1		1						21	15	3	0	12		0	0	0	0		0	0	0	0	0	0	0	0	0	0	0	1
71939510	4	16																3																			21	16	0	0	0		0	0	0	0		0	0	0	0	0	0	0	0	1	1	0	1
7456248	3	14	1											2	1									2										1		1	26	19	0	0	12		0	0	0	0		0	0	0	0	0	0	0	0	0	0	0	0
108319068	4	22	1											2	1					1	1			3													30	21	3	0	12	1	0	3	0	0	2	3	0	1	0	0	0	0	0	0	0	0	0
51718	1	6	1											1	1													1									10	8	0	0	6		0	0	0	0		0	0	0	0	0	0	0	0	1	0	0	1
104143	1	6	1											1	1	1	1							1													11	8	0	0	6		0	0	0	0		0	0	0	0	0	0	0	0	0	1	0	1
21187984	3	14	1											1	1										2			1								1	22	15	1	0	6		0	0	0	0		0	0	0	0	0	0	0	0	0	0	0	0
60297																		1																			5	4	0	0	0		0	0	0	0		0	0	0	0	1	0	0	0	0	0	0	0
3562843	3	15	1						1					2	1		1			1																	22	17	1	0	16	1	0	0	2	0	3	2	0	0	0	0	0	0	0	0	0	0	0
53643484	9	38	1	1	1									2	1	3		1				1		3	1												55	43	3	0	16		0	0	0	0		0	0	0	0	0	0	0	0	0	0	0	1
54143554	2	12	1											1	1			2						1	1												28	17	1	0	6	1	0	6	0	0	2	6	0	0	0	0	0	0	0	0	1	0	0
97322877	4	21	1											2	1		1	2							1									1			31	24	2	0	12		0	0	0	0		0	1	0	0	0	0	1	1	1	0	0	1
50599	4	19	1				1				1				1						1				2									1			28	19	4	0	11		0	0	0	0		0	0	0	0	0	0	1	0	0	0	0	0
62442	1	6	1											1	1			1							1												13	10	1	0	6		0	0	0	0		0	1	1	0	1	0	0	1	1	1	1	1
50022	4	17	1													3				2																	28	22	4	0	0	1	0	1	0	0	2	1	0	0	0	0	0	0	0	0	0	0	1
66762	4	20	1											2	1	2						2															25	19	4	0	12		0	0	0	0		0	0	0	0	0	0	0	1	0	0	0	0
93413695	2	12	1											1	1	1		1						1													20	17	0	0	6		0	0	0	0		0	0	0	0	0	0	0	1	1	1	0	1
62571862	1	5																			1				1								1				14	9	2	0	0		0	0	0	0		0	0	0	0	0	0	0	0	0	1	0	0
155213675	4	22	1								2			2	1	1						1			3												50	37	3	0	22		0	0	0	0		0	0	1	0	0	0	0	0	0	1	0	1
108612459	5	27	1			1								2	1									2	1				1								32	24	3	0	16	1	0	1	0	0	2	1	0	0	0	0	0	0	0	0	0	0	0
315720	4	21	1											2	1	1								3													27	23	1	0	12		0	0	0	0		0	0	0	0	0	0	0	0	0	1	0	0
84742	1	6	1											1	1							2															20	16	2	0	6		0	0	0	0		0	0	0	1	0	0	0	0	0	0	0	0
2272119	0																				1																20	18	2	0	0		0	0	0	0		0	0	0	0	0	0	0	0	0	0	1	0
298577	4	24	1											3	1									2													28	26	1	0	18		0	0	0	0		0	1	1	0	1	1	0	1	0	1	0	0
57410	3	17	1											2	1										2												19	15	2	0	12		0	0	0	0		0	0	0	0	0	0	1	1	1	0	0	1
51434	1	6	1											1	1	1	2							1													13	9	0	0	6		0	0	0	0		0	0	0	0	0	0	0	0	0	0	0	0
26787780	3	13	1											1	1		1				1			1	2									1			25	16	3	0	6		0	0	0	0		0	0	0	0	0	0	0	0	1	0	0	0
14556468	1	6	1											1	1	1		1						1													18	14	0	0	6	1	1	0	0	0	1	1	0	0	0	0	0	0	0	0	1	0	0
5630535	4	17														1				1																	23	21	2	1	0		0	0	0	0		0	0	0	0	0	0	0	0	0	0	0	0
489849	2	10	1																																		15	15	0	0	10		0	0	0	0		0	0	1	0	0	0	0	0	0	0	0	0
2030639	5	26	1											3	1									2					2								33	27	4	0	18	1	2	0	0	0	1	2	0	0	0	0	0	0	0	0	0	0	1
171596295	6	26	1	1	1									2	1			2							2												29	22	2	0	16		0	0	0	0		0	0	0	0	0	0	0	0	0	0	0	1
63968649	4	16																1				1															20	15	1	0	0		0	0	0	0		0	0	0	0	1	1	0	0	0	0	0	1
25614033	7	28	1	1	1									1	1	1		1						1	3												43	32	4	0	10	1	0	0	1	0	3	1	0	0	0	0	0	0	0	0	0	0	1
50497	3	15	1											2	1									2													21	19	0	0	12		0	0	0	0		0	0	1	0	0	1	0	0	1	1	0	1
84371653	5	23	1											1	1	1				1				1													32	29	3	1	6		0	0	0	0		0	0	0	0	0	0	0	0	0	0	0	1
89778267	3	18	1											3	1			1						1													29	26	1	0	18	1	1	0	0	0	1	1	1	1	0	0	0	0	0	0	0	0	1
57421	2	12	1											1	1							1		1													18	15	1	0	6		0	0	0	0		0	0	0	0	0	1	0	0	1	0	0	1
15686712	3	14	1											1	1						1			1	2									1			24	16	4	0	6		0	0	0	0		0	0	0	0	0	0	0	0	0	1	0	1
54364	2	12	1				2								1					1																	17	14	1	0	12		0	0	0	0		0	0	0	0	0	0	0	0	0	0	0	0
111974697	4	21	1											2	1	1		1						2					1					1			27	21	1	0	12		0	0	0	0		0	0	0	0	0	0	0	0	1	1	0	1
28523866	0																	1																			12	4	0	0	0	1	0	7	0	0	2	7	0	0	0	1	1	0	0	0	0	1	1
144701484	6	30	1			2								4	1						1																39	33	1	0	32		0	0	0	0		0	0	0	0	0	0	0	0	0	0	0	0
17617231	3	17	1											2	1									1	1				1								27	21	2	0	12	1	1	1	0	0	1,2	2	0	0	0	0	0	0	0	0	0	0	0
91374219	2	9	1											1	1									1	1												19	16	1	0	6		0	0	0	0		0	0	1	0	0	0	0	0	0	0	0	1
41859670	2	12	1											2	1			1			1				1												25	19	2	0	12	1	1	0	0	0	1	1	0	0	0	0	0	0	0	0	0	0	1
129618402	4	18	1				2								1									1	1												20	15	1	0	12		0	0	0	0		0	0	0	0	0	1	0	1	0	1	0	1
298464	3	15	1											2	1									1	1												18	15	2	0	12		0	0	0	0		0	0	1	0	0	1	1	0	0	0	0	1