107683
27492
5284404
1327533
728881
113451
74014510
89565684
1744225
58388
5284373
10106
52868
300629
72956093
59865133
61337675
68475423
51069
53230107
52942311
27262471
94202
18016803
105979177
26675467
64777
97682445
3333
7047
86408
12704
99661
98769814
7127
3313266
364625
438608
148124
95233184
22071154
145158710
10238218
57830
26787780
50362
62571862
82664208
117895
57982782
192939461
70458967
144701484
6591
21829254
181695727
3779
114982
79902639
51843
4657
21256188
13542
51718
7235407
106133204
315720
443481
58559
31677
60576138
56757
55985325
723466
151677
77418
3575802
64175
84057954
111025468
99614025
488415
139264178
554574
85371648
6428082
15078281
17134
33069624
2030639
520274
92137
904
154938
6278
75706126
5574
61379655
11617
90729434
1530
458242
6436048
338
58855
122320734
103902
52485797
24121
7340
89226506
5250395
90346
102625707
50124
38194502
5288103
3562843
65899732
5300038
15687271
3893
86401958
483181
63675729
13311847
192725170
61318909
25905775
13643
76573
35212227
78444
51322759
55652
28981977
108952
71238
147944
59961
70458923
162011907
132229
10043013
20830813
60548
59927
115388
169590425
68693118
123319
15686712
127779208
84625616
52468607
123706
2341
24219974
299752
75330755
1951253
106266062
129453618
161973100
5921
103177373
100427267
68359
6740881
9119
72639
739719
115240
57534
61687
135062021
54965218
865214
158747025
17617231
83987
55142853
70288867
949
42267
23214928
50704
13010474
99011026
4342034
846504
153184
141902
125713
10262698
114078
58253
35703
466900
42399417
8987
8549
848780
80214831
61825943
29975164
66778367
41340254
47289
5585
5582
86135
6575
60763
54853
6327
466999
57432
80012437
10748
931
86386734
35935
408
123948878
3964816
125280
58581898
50022
72416
7481892
36735225
26844122
87332
58140
53032
162808620
19062
108319068
439145
60628968
66762
68844779
136310935
37517309
83366669
76744
151319345
25122412
51333223
119220
74863846
80621814
630604
54048101
59665
57808669
511126
13838169
84979
86226
798
1088115
357700
55981
83896
68481
435972
146225
83898
51616
58399
3922905
202409334
91374219
5633205
105102225
56291
5284616
241
7647145
50351
198470847
112665437
51781067
3394
68893
57669
729997
58402
67663
2078548
444899
68268
128461
93413695
137586
6736
501254
8058
114899773
77236
71939510
5663
64028
52539
7855
177
17534
4360127
146485
7499
73590586
90391
159989647
91638
28911015
180
6046
50282
51264143
12130
54739183
105816044
80080
127695
114863
671169
128132
4759482
72695
5892
142340996
128196010
5897
136236516
3282
84371653
84742
321642
12613538
14383507
107868304
53772831
179324697
152727
50522
145733364
134308137
28721075
58957929
62442
127071
146939277
133040014
2165197
134623
1622624
32222063
27220479
57681
98920
60877
1614
1615
56542
4169
7261974
323
50146
71636
13263
91816
23593751
66104221
139755832
60572
201341051
69756532
37148279
7102
5280450
1131642
117976893
98079517
20463727
15686836
8025818
35121789
2336
97778
1049
1048
122098
84088426
113806056
10457906
74011588
78273800
65277421
90824
53167
154598524
55268741
54115
56815
67685
19216569
484231
50066
35080116
50248
6001
13539598
83928761
126078
33671464
57227
93301
57636
216572
637070
995
41859670
991
143322581
83507691
525666
105039
2955386
68882
9177
67970
54143554
489849
7456248
3689507
797637
3546030
6564
75695931
72509763
79794755
1388
37350586
6115
14838154
6621472
303491
40828464
26615214
53230
378449
158966928
125291
59870
77678
23104141
98964
31828714
103577453
298464
86340
54682458
21738421
58151
7247
180541
19387918
642728
2062784
77190
141845821
55038
11937
911455
13523869
155099
113665842
59676
145599866
14720269
25812300
14611519
122112
2272119
58275
404864
86544
53430
50442
55881077
1617909
224785904
19982082
57852
51649
140647
11061680
118292403
51218
83885
60800
65914
132203704
71733
110850
80125140
1893330
51110011
57272
3007
445154
89778267
311455
89365504
54910893
33419420
106516249
88040
298577
134523005
93479971
52244
1668195
83670
6493056
82928
76733
121540
x030
125644
147536978
7929
7485
110101661
159351696
27203925
569653
60797
129618402
7722841
74050207
115103543
3416248
50339
66085594
287714414
13450
6359
31254
5786210
155213675
6199
81093370
2730
29908030
72446
63659187
526089
514658
33184
138402116
59729338
10248465
51412
486168
469625
6557
5281616
51558
42794763
112809515
107753786
50679088
31431397
5311101
5104494
154361509
136817599
6228
91546
298817
126602899
122852420
71320779
60991
21187984
76568020
1150
111974697
41708729
5630535
106650560
138890627
114977285
11006761
109889090
17230885
3032285
22888706
5281666
7501
53267019
22345477
83015263
170729803
50657
54057
40054691
60560
13655522
97322877
6124
68291974
127480
73314
137234629
57965
6128
65452
16662478
12679
537462
155975
2998574
33369312
226700794
444795
64868
749133
10341948
85721331
37115325
437387
396010
121755
59467708
7809
76426
52017
114798264
35457808
83432
186907
57801817
555306
484208
76584
116644532
88150429
104713759
125848
164045
82419361
34911552
70374399
445639
104227874
6452717
2471
980
107724209
139481597
50180
91161716
89796996
120511731
49562289
99200096
53643484
3083543
3083544
63612500
486124
144832
38409
7647010
18323449
59303
25805
81103119
9011976
1972083
58731
3737095
22089221
56211406
58082
4115
1812302
21694
148798
7237
445354
22311
15663271
63968649
153559490
130950
2898126
71195589
132539061
120014064
76824356
59427
109581933
14556468
125337
36322904
161814499
54063535
150378179
55837257
120978
66722449
303537
1988
22204531
156611766
363246
30516871
54024225
164656239
83905015
53179116
129722129
76380
60490
27848846
67630
54364
50237
79016
447297
66357355
62274
62275
59693
118423
533459
51434
43200802
5280961
1477403
82626480
25614033
604751
9108
9106
5588330
67455
2751099
7839
95250
64706543
6829987
5641
171596295
8271
37640714
72281
6344
19794935
22916478
18559949
69238
20830755
51456
7683592
11641
123441032
115956122
52766
2725
79617962
50497
75530686
564250
520343
72559069
447632
60569199
15307865
100643718
152459955
16051777
3784
81098604
52214843
469794
120279961
50782
57421
52315078
56030547
17902237
